sun earth 
0 5.92176e-05 -0.000118435 -5.92176e-05 6.2832 0 0 1 0 
0.01 5.92176e-05 -0.000118435 -5.92176e-05 6.2832 0 0 0.998027 0.0627905 
0.02 5.92176e-05 -0.000118435 -5.92176e-05 6.2832 0 0 0.992115 0.125333 
0.03 5.92176e-05 -0.000118435 -5.92176e-05 6.2832 0 0 0.982287 0.187381 
0.04 5.92176e-05 -0.000118435 -5.92176e-05 6.2832 0 0 0.968583 0.24869 
0.05 5.92176e-05 -0.000118435 -5.92176e-05 6.2832 0 0 0.951057 0.309017 
0.06 5.92177e-05 -0.000118435 -5.92176e-05 6.2832 0 0 0.929776 0.368125 
0.07 5.92177e-05 -0.000118435 -5.92176e-05 6.2832 0 0 0.904827 0.425779 
0.08 5.92177e-05 -0.000118435 -5.92176e-05 6.2832 0 0 0.876307 0.481754 
0.09 5.92177e-05 -0.000118435 -5.92176e-05 6.2832 0 0 0.844328 0.535827 
0.1 5.92177e-05 -0.000118435 -5.92176e-05 6.2832 0 0 0.809017 0.587785 
0.11 5.92177e-05 -0.000118435 -5.92175e-05 6.2832 0 0 0.770513 0.637424 
0.12 5.92177e-05 -0.000118435 -5.92175e-05 6.2832 0 0 0.728969 0.684547 
0.13 5.92177e-05 -0.000118435 -5.92175e-05 6.2832 0 0 0.684547 0.728969 
0.14 5.92178e-05 -0.000118435 -5.92175e-05 6.2832 0 0 0.637424 0.770513 
0.15 5.92178e-05 -0.000118435 -5.92175e-05 6.2832 0 0 0.587785 0.809017 
0.16 5.92178e-05 -0.000118435 -5.92175e-05 6.2832 0 0 0.535827 0.844328 
0.17 5.92178e-05 -0.000118435 -5.92174e-05 6.2832 0 0 0.481754 0.876307 
0.18 5.92178e-05 -0.000118435 -5.92174e-05 6.2832 0 0 0.425779 0.904827 
0.19 5.92179e-05 -0.000118435 -5.92174e-05 6.2832 0 0 0.368125 0.929776 
0.2 5.92179e-05 -0.000118435 -5.92174e-05 6.2832 0 0 0.309017 0.951056 
0.21 5.92179e-05 -0.000118435 -5.92174e-05 6.2832 0 0 0.24869 0.968583 
0.22 5.92179e-05 -0.000118435 -5.92173e-05 6.2832 0 0 0.187381 0.982287 
0.23 5.9218e-05 -0.000118435 -5.92173e-05 6.2832 0 0 0.125333 0.992114 
0.24 5.9218e-05 -0.000118435 -5.92173e-05 6.2832 0 0 0.0627904 0.998026 
0.25 5.9218e-05 -0.000118435 -5.92173e-05 6.2832 0 0 -8.25102e-08 1 
0.26 5.9218e-05 -0.000118435 -5.92173e-05 6.2832 0 0 -0.0627906 0.998026 
0.27 5.92181e-05 -0.000118435 -5.92172e-05 6.2832 0 0 -0.125333 0.992114 
0.28 5.92181e-05 -0.000118435 -5.92172e-05 6.2832 0 0 -0.187381 0.982287 
0.29 5.92181e-05 -0.000118435 -5.92172e-05 6.2832 0 0 -0.24869 0.968583 
0.3 5.92181e-05 -0.000118435 -5.92172e-05 6.2832 0 0 -0.309017 0.951056 
0.31 5.92182e-05 -0.000118435 -5.92171e-05 6.2832 0 0 -0.368125 0.929776 
0.32 5.92182e-05 -0.000118435 -5.92171e-05 6.2832 0 0 -0.425779 0.904827 
0.33 5.92182e-05 -0.000118435 -5.92171e-05 6.2832 0 0 -0.481754 0.876306 
0.34 5.92182e-05 -0.000118435 -5.92171e-05 6.2832 0 0 -0.535827 0.844327 
0.35 5.92182e-05 -0.000118435 -5.92171e-05 6.2832 0 0 -0.587785 0.809016 
0.36 5.92183e-05 -0.000118435 -5.9217e-05 6.2832 0 0 -0.637424 0.770513 
0.37 5.92183e-05 -0.000118435 -5.9217e-05 6.2832 0 0 -0.684547 0.728968 
0.38 5.92183e-05 -0.000118435 -5.9217e-05 6.2832 0 0 -0.728969 0.684546 
0.39 5.92183e-05 -0.000118435 -5.9217e-05 6.2832 0 0 -0.770513 0.637423 
0.4 5.92183e-05 -0.000118435 -5.9217e-05 6.2832 0 0 -0.809017 0.587784 
0.41 5.92183e-05 -0.000118435 -5.9217e-05 6.2832 0 0 -0.844328 0.535826 
0.42 5.92184e-05 -0.000118435 -5.9217e-05 6.2832 0 0 -0.876307 0.481753 
0.43 5.92184e-05 -0.000118435 -5.9217e-05 6.2832 0 0 -0.904827 0.425778 
0.44 5.92184e-05 -0.000118435 -5.92169e-05 6.2832 0 0 -0.929776 0.368124 
0.45 5.92184e-05 -0.000118435 -5.92169e-05 6.2832 0 0 -0.951056 0.309016 
0.46 5.92184e-05 -0.000118435 -5.92169e-05 6.2832 0 0 -0.968583 0.248689 
0.47 5.92184e-05 -0.000118435 -5.92169e-05 6.2832 0 0 -0.982287 0.18738 
0.48 5.92184e-05 -0.000118435 -5.92169e-05 6.2832 0 0 -0.992114 0.125332 
0.49 5.92184e-05 -0.000118435 -5.92169e-05 6.2832 0 0 -0.998026 0.0627893 
0.5 5.92184e-05 -0.000118435 -5.92169e-05 6.2832 0 0 -0.999999 -1.23865e-06 
0.51 5.92184e-05 -0.000118435 -5.92169e-05 6.2832 0 0 -0.998026 -0.0627918 
0.52 5.92184e-05 -0.000118435 -5.92169e-05 6.2832 0 0 -0.992114 -0.125335 
0.53 5.92184e-05 -0.000118435 -5.92169e-05 6.2832 0 0 -0.982286 -0.187383 
0.54 5.92184e-05 -0.000118435 -5.92169e-05 6.2832 0 0 -0.968582 -0.248691 
0.55 5.92184e-05 -0.000118435 -5.92169e-05 6.2832 0 0 -0.951055 -0.309018 
0.56 5.92184e-05 -0.000118435 -5.92169e-05 6.2832 0 0 -0.929775 -0.368126 
0.57 5.92184e-05 -0.000118435 -5.9217e-05 6.2832 0 0 -0.904826 -0.425781 
0.58 5.92184e-05 -0.000118435 -5.9217e-05 6.2832 0 0 -0.876305 -0.481755 
0.59 5.92183e-05 -0.000118435 -5.9217e-05 6.2832 0 0 -0.844326 -0.535828 
0.6 5.92183e-05 -0.000118435 -5.9217e-05 6.2832 0 0 -0.809015 -0.587786 
0.61 5.92183e-05 -0.000118435 -5.9217e-05 6.2832 0 0 -0.770512 -0.637425 
0.62 5.92183e-05 -0.000118435 -5.9217e-05 6.2832 0 0 -0.728967 -0.684548 
0.63 5.92183e-05 -0.000118435 -5.9217e-05 6.2832 0 0 -0.684545 -0.72897 
0.64 5.92183e-05 -0.000118435 -5.92171e-05 6.2832 0 0 -0.637422 -0.770514 
0.65 5.92182e-05 -0.000118435 -5.92171e-05 6.2832 0 0 -0.587783 -0.809018 
0.66 5.92182e-05 -0.000118435 -5.92171e-05 6.2832 0 0 -0.535825 -0.844329 
0.67 5.92182e-05 -0.000118435 -5.92171e-05 6.2832 0 0 -0.481751 -0.876307 
0.68 5.92182e-05 -0.000118435 -5.92171e-05 6.2832 0 0 -0.425777 -0.904828 
0.69 5.92182e-05 -0.000118435 -5.92171e-05 6.2832 0 0 -0.368122 -0.929777 
0.7 5.92181e-05 -0.000118435 -5.92172e-05 6.2832 0 0 -0.309015 -0.951057 
0.71 5.92181e-05 -0.000118435 -5.92172e-05 6.2832 0 0 -0.248687 -0.968583 
0.72 5.92181e-05 -0.000118435 -5.92172e-05 6.2832 0 0 -0.187379 -0.982287 
0.73 5.92181e-05 -0.000118435 -5.92172e-05 6.2832 0 0 -0.125331 -0.992115 
0.74 5.9218e-05 -0.000118435 -5.92173e-05 6.2832 0 0 -0.062788 -0.998026 
0.75 5.9218e-05 -0.000118435 -5.92173e-05 6.2832 0 0 2.5773e-06 -1 
0.76 5.9218e-05 -0.000118435 -5.92173e-05 6.2832 0 0 0.0627931 -0.998026 
0.77 5.9218e-05 -0.000118435 -5.92173e-05 6.2832 0 0 0.125336 -0.992114 
0.78 5.92179e-05 -0.000118435 -5.92173e-05 6.2832 0 0 0.187384 -0.982286 
0.79 5.92179e-05 -0.000118435 -5.92174e-05 6.2832 0 0 0.248692 -0.968582 
0.8 5.92179e-05 -0.000118435 -5.92174e-05 6.2832 0 0 0.30902 -0.951055 
0.81 5.92179e-05 -0.000118435 -5.92174e-05 6.2832 0 0 0.368127 -0.929775 
0.82 5.92179e-05 -0.000118435 -5.92174e-05 6.2832 0 0 0.425782 -0.904826 
0.83 5.92178e-05 -0.000118435 -5.92175e-05 6.2832 0 0 0.481756 -0.876305 
0.84 5.92178e-05 -0.000118435 -5.92175e-05 6.2832 0 0 0.535829 -0.844326 
0.85 5.92178e-05 -0.000118435 -5.92175e-05 6.2832 0 0 0.587787 -0.809015 
0.86 5.92178e-05 -0.000118435 -5.92175e-05 6.2832 0 0 0.637426 -0.770511 
0.87 5.92178e-05 -0.000118435 -5.92175e-05 6.2832 0 0 0.684549 -0.728966 
0.88 5.92177e-05 -0.000118435 -5.92175e-05 6.2832 0 0 0.72897 -0.684545 
0.89 5.92177e-05 -0.000118435 -5.92176e-05 6.2832 0 0 0.770515 -0.637422 
0.9 5.92177e-05 -0.000118435 -5.92176e-05 6.2832 0 0 0.809019 -0.587783 
0.91 5.92177e-05 -0.000118435 -5.92176e-05 6.2832 0 0 0.844329 -0.535824 
0.92 5.92177e-05 -0.000118435 -5.92176e-05 6.2832 0 0 0.876308 -0.481751 
0.93 5.92177e-05 -0.000118435 -5.92176e-05 6.2832 0 0 0.904828 -0.425777 
0.94 5.92177e-05 -0.000118435 -5.92176e-05 6.2832 0 0 0.929777 -0.368122 
0.95 5.92177e-05 -0.000118435 -5.92176e-05 6.2832 0 0 0.951057 -0.309014 
0.96 5.92176e-05 -0.000118435 -5.92176e-05 6.2832 0 0 0.968584 -0.248687 
0.97 5.92176e-05 -0.000118435 -5.92176e-05 6.2832 0 0 0.982288 -0.187378 
0.98 5.92176e-05 -0.000118435 -5.92176e-05 6.2832 0 0 0.992115 -0.12533 
0.99 5.92176e-05 -0.000118435 -5.92176e-05 6.2832 0 0 0.998027 -0.0627875 
1 5.92176e-05 -0.000118435 -5.92176e-05 6.2832 0 0 1 3.04384e-06 
1.01 5.92176e-05 -0.000118435 -5.92176e-05 6.2832 0 0 0.998026 0.0627936 
1.02 5.92176e-05 -0.000118435 -5.92176e-05 6.2832 0 0 0.992114 0.125336 
1.03 5.92176e-05 -0.000118435 -5.92176e-05 6.2832 0 0 0.982287 0.187384 
1.04 5.92176e-05 -0.000118435 -5.92176e-05 6.2832 0 0 0.968582 0.248693 
1.05 5.92177e-05 -0.000118435 -5.92176e-05 6.2832 0 0 0.951055 0.30902 
1.06 5.92177e-05 -0.000118435 -5.92176e-05 6.2832 0 0 0.929775 0.368127 
1.07 5.92177e-05 -0.000118435 -5.92176e-05 6.2832 0 0 0.904826 0.425782 
1.08 5.92177e-05 -0.000118435 -5.92176e-05 6.2832 0 0 0.876305 0.481756 
1.09 5.92177e-05 -0.000118435 -5.92176e-05 6.2832 0 0 0.844326 0.535829 
1.1 5.92177e-05 -0.000118435 -5.92176e-05 6.2832 0 0 0.809015 0.587788 
1.11 5.92177e-05 -0.000118435 -5.92176e-05 6.2832 0 0 0.770511 0.637426 
1.12 5.92177e-05 -0.000118435 -5.92175e-05 6.2832 0 0 0.728966 0.684549 
1.13 5.92178e-05 -0.000118435 -5.92175e-05 6.2832 0 0 0.684545 0.728971 
1.14 5.92178e-05 -0.000118435 -5.92175e-05 6.2832 0 0 0.637421 0.770515 
1.15 5.92178e-05 -0.000118435 -5.92175e-05 6.2832 0 0 0.587782 0.809019 
1.16 5.92178e-05 -0.000118435 -5.92175e-05 6.2832 0 0 0.535824 0.844329 
1.17 5.92178e-05 -0.000118435 -5.92175e-05 6.2832 0 0 0.481751 0.876308 
1.18 5.92179e-05 -0.000118435 -5.92174e-05 6.2832 0 0 0.425776 0.904828 
1.19 5.92179e-05 -0.000118435 -5.92174e-05 6.2832 0 0 0.368121 0.929777 
1.2 5.92179e-05 -0.000118435 -5.92174e-05 6.2832 0 0 0.309014 0.951057 
1.21 5.92179e-05 -0.000118435 -5.92174e-05 6.2832 0 0 0.248687 0.968584 
1.22 5.92179e-05 -0.000118435 -5.92174e-05 6.2832 0 0 0.187378 0.982288 
1.23 5.9218e-05 -0.000118435 -5.92173e-05 6.2832 0 0 0.12533 0.992115 
1.24 5.9218e-05 -0.000118435 -5.92173e-05 6.2832 0 0 0.062787 0.998027 
1.25 5.9218e-05 -0.000118435 -5.92173e-05 6.2832 0 0 -3.52938e-06 1 
1.26 5.9218e-05 -0.000118435 -5.92173e-05 6.2832 0 0 -0.0627941 0.998026 
1.27 5.92181e-05 -0.000118435 -5.92172e-05 6.2832 0 0 -0.125337 0.992114 
1.28 5.92181e-05 -0.000118435 -5.92172e-05 6.2832 0 0 -0.187385 0.982286 
1.29 5.92181e-05 -0.000118435 -5.92172e-05 6.2832 0 0 -0.248693 0.968582 
1.3 5.92181e-05 -0.000118435 -5.92172e-05 6.2832 0 0 -0.30902 0.951055 
1.31 5.92182e-05 -0.000118435 -5.92172e-05 6.2832 0 0 -0.368128 0.929775 
1.32 5.92182e-05 -0.000118435 -5.92171e-05 6.2832 0 0 -0.425783 0.904825 
1.33 5.92182e-05 -0.000118435 -5.92171e-05 6.2832 0 0 -0.481757 0.876304 
1.34 5.92182e-05 -0.000118435 -5.92171e-05 6.2832 0 0 -0.53583 0.844325 
1.35 5.92182e-05 -0.000118435 -5.92171e-05 6.2832 0 0 -0.587788 0.809014 
1.36 5.92183e-05 -0.000118435 -5.92171e-05 6.2832 0 0 -0.637427 0.77051 
1.37 5.92183e-05 -0.000118435 -5.9217e-05 6.2832 0 0 -0.68455 0.728965 
1.38 5.92183e-05 -0.000118435 -5.9217e-05 6.2832 0 0 -0.728971 0.684544 
1.39 5.92183e-05 -0.000118435 -5.9217e-05 6.2832 0 0 -0.770515 0.63742 
1.4 5.92183e-05 -0.000118435 -5.9217e-05 6.2832 0 0 -0.809019 0.587781 
1.41 5.92183e-05 -0.000118435 -5.9217e-05 6.2832 0 0 -0.84433 0.535823 
1.42 5.92184e-05 -0.000118435 -5.9217e-05 6.2832 0 0 -0.876308 0.481749 
1.43 5.92184e-05 -0.000118435 -5.9217e-05 6.2832 0 0 -0.904828 0.425775 
1.44 5.92184e-05 -0.000118435 -5.9217e-05 6.2832 0 0 -0.929778 0.36812 
1.45 5.92184e-05 -0.000118435 -5.92169e-05 6.2832 0 0 -0.951057 0.309012 
1.46 5.92184e-05 -0.000118435 -5.92169e-05 6.2832 0 0 -0.968584 0.248685 
1.47 5.92184e-05 -0.000118435 -5.92169e-05 6.2832 0 0 -0.982287 0.187376 
1.48 5.92184e-05 -0.000118435 -5.92169e-05 6.2832 0 0 -0.992115 0.125328 
1.49 5.92184e-05 -0.000118435 -5.92169e-05 6.2832 0 0 -0.998026 0.0627855 
1.5 5.92184e-05 -0.000118435 -5.92169e-05 6.2832 0 0 -0.999999 -5.08854e-06 
1.51 5.92184e-05 -0.000118435 -5.92169e-05 6.2832 0 0 -0.998026 -0.0627956 
1.52 5.92184e-05 -0.000118435 -5.92169e-05 6.2832 0 0 -0.992113 -0.125338 
1.53 5.92184e-05 -0.000118435 -5.92169e-05 6.2832 0 0 -0.982286 -0.187386 
1.54 5.92184e-05 -0.000118435 -5.92169e-05 6.2832 0 0 -0.968581 -0.248695 
1.55 5.92184e-05 -0.000118435 -5.92169e-05 6.2832 0 0 -0.951054 -0.309022 
1.56 5.92184e-05 -0.000118435 -5.9217e-05 6.2832 0 0 -0.929774 -0.368129 
1.57 5.92184e-05 -0.000118435 -5.9217e-05 6.2832 0 0 -0.904824 -0.425784 
1.58 5.92184e-05 -0.000118435 -5.9217e-05 6.2832 0 0 -0.876303 -0.481758 
1.59 5.92184e-05 -0.000118435 -5.9217e-05 6.2832 0 0 -0.844324 -0.535831 
1.6 5.92183e-05 -0.000118435 -5.9217e-05 6.2832 0 0 -0.809013 -0.58779 
1.61 5.92183e-05 -0.000118435 -5.9217e-05 6.2832 0 0 -0.770509 -0.637428 
1.62 5.92183e-05 -0.000118435 -5.9217e-05 6.2832 0 0 -0.728964 -0.684551 
1.63 5.92183e-05 -0.000118435 -5.9217e-05 6.2832 0 0 -0.684542 -0.728972 
1.64 5.92183e-05 -0.000118435 -5.92171e-05 6.2832 0 0 -0.637419 -0.770517 
1.65 5.92183e-05 -0.000118435 -5.92171e-05 6.2832 0 0 -0.58778 -0.80902 
1.66 5.92182e-05 -0.000118435 -5.92171e-05 6.2832 0 0 -0.535821 -0.844331 
1.67 5.92182e-05 -0.000118435 -5.92171e-05 6.2832 0 0 -0.481748 -0.876309 
1.68 5.92182e-05 -0.000118435 -5.92171e-05 6.2832 0 0 -0.425773 -0.904829 
1.69 5.92182e-05 -0.000118435 -5.92172e-05 6.2832 0 0 -0.368118 -0.929778 
1.7 5.92181e-05 -0.000118435 -5.92172e-05 6.2832 0 0 -0.309011 -0.951058 
1.71 5.92181e-05 -0.000118435 -5.92172e-05 6.2832 0 0 -0.248683 -0.968584 
1.72 5.92181e-05 -0.000118435 -5.92172e-05 6.2832 0 0 -0.187375 -0.982288 
1.73 5.92181e-05 -0.000118435 -5.92172e-05 6.2832 0 0 -0.125326 -0.992115 
1.74 5.92181e-05 -0.000118435 -5.92173e-05 6.2832 0 0 -0.0627837 -0.998027 
1.75 5.9218e-05 -0.000118435 -5.92173e-05 6.2832 0 0 6.83023e-06 -0.999999 
1.76 5.9218e-05 -0.000118435 -5.92173e-05 6.2832 0 0 0.0627974 -0.998026 
1.77 5.9218e-05 -0.000118435 -5.92173e-05 6.2832 0 0 0.12534 -0.992113 
1.78 5.9218e-05 -0.000118435 -5.92174e-05 6.2832 0 0 0.187388 -0.982285 
1.79 5.92179e-05 -0.000118435 -5.92174e-05 6.2832 0 0 0.248697 -0.968581 
1.8 5.92179e-05 -0.000118435 -5.92174e-05 6.2832 0 0 0.309024 -0.951054 
1.81 5.92179e-05 -0.000118435 -5.92174e-05 6.2832 0 0 0.368131 -0.929773 
1.82 5.92179e-05 -0.000118435 -5.92174e-05 6.2832 0 0 0.425786 -0.904824 
1.83 5.92178e-05 -0.000118435 -5.92175e-05 6.2832 0 0 0.48176 -0.876303 
1.84 5.92178e-05 -0.000118435 -5.92175e-05 6.2832 0 0 0.535833 -0.844324 
1.85 5.92178e-05 -0.000118435 -5.92175e-05 6.2832 0 0 0.587791 -0.809012 
1.86 5.92178e-05 -0.000118435 -5.92175e-05 6.2832 0 0 0.637429 -0.770508 
1.87 5.92178e-05 -0.000118435 -5.92175e-05 6.2832 0 0 0.684552 -0.728963 
1.88 5.92178e-05 -0.000118435 -5.92175e-05 6.2832 0 0 0.728973 -0.684541 
1.89 5.92177e-05 -0.000118435 -5.92176e-05 6.2832 0 0 0.770518 -0.637418 
1.9 5.92177e-05 -0.000118435 -5.92176e-05 6.2832 0 0 0.809021 -0.587779 
1.91 5.92177e-05 -0.000118435 -5.92176e-05 6.2832 0 0 0.844332 -0.53582 
1.92 5.92177e-05 -0.000118435 -5.92176e-05 6.2832 0 0 0.87631 -0.481747 
1.93 5.92177e-05 -0.000118435 -5.92176e-05 6.2832 0 0 0.90483 -0.425772 
1.94 5.92177e-05 -0.000118435 -5.92176e-05 6.2832 0 0 0.929779 -0.368117 
1.95 5.92177e-05 -0.000118435 -5.92176e-05 6.2832 0 0 0.951059 -0.30901 
1.96 5.92177e-05 -0.000118435 -5.92176e-05 6.2832 0 0 0.968585 -0.248682 
1.97 5.92177e-05 -0.000118435 -5.92176e-05 6.2832 0 0 0.982288 -0.187374 
1.98 5.92176e-05 -0.000118435 -5.92176e-05 6.2832 0 0 0.992115 -0.125326 
1.99 5.92176e-05 -0.000118435 -5.92176e-05 6.2832 0 0 0.998027 -0.0627828 
2 5.92176e-05 -0.000118435 -5.92176e-05 6.2832 0 0 1 7.6998e-06 
2.01 5.92176e-05 -0.000118435 -5.92176e-05 6.2832 0 0 0.998026 0.0627982 
2.02 5.92176e-05 -0.000118435 -5.92176e-05 6.2832 0 0 0.992113 0.125341 
2.03 5.92177e-05 -0.000118435 -5.92176e-05 6.2832 0 0 0.982285 0.187389 
2.04 5.92177e-05 -0.000118435 -5.92176e-05 6.2832 0 0 0.968581 0.248697 
2.05 5.92177e-05 -0.000118435 -5.92176e-05 6.2832 0 0 0.951054 0.309024 
2.06 5.92177e-05 -0.000118435 -5.92176e-05 6.2832 0 0 0.929773 0.368132 
2.07 5.92177e-05 -0.000118435 -5.92176e-05 6.2832 0 0 0.904823 0.425786 
2.08 5.92177e-05 -0.000118435 -5.92176e-05 6.2832 0 0 0.876303 0.48176 
2.09 5.92177e-05 -0.000118435 -5.92176e-05 6.2832 0 0 0.844323 0.535833 
2.1 5.92177e-05 -0.000118435 -5.92176e-05 6.2832 0 0 0.809012 0.587791 
2.11 5.92177e-05 -0.000118435 -5.92176e-05 6.2832 0 0 0.770508 0.63743 
2.12 5.92178e-05 -0.000118435 -5.92176e-05 6.2832 0 0 0.728963 0.684553 
2.13 5.92178e-05 -0.000118435 -5.92175e-05 6.2832 0 0 0.684541 0.728974 
2.14 5.92178e-05 -0.000118435 -5.92175e-05 6.2832 0 0 0.637417 0.770518 
2.15 5.92178e-05 -0.000118435 -5.92175e-05 6.2832 0 0 0.587778 0.809021 
2.16 5.92178e-05 -0.000118435 -5.92175e-05 6.2832 0 0 0.53582 0.844332 
2.17 5.92178e-05 -0.000118435 -5.92175e-05 6.2832 0 0 0.481746 0.87631 
2.18 5.92179e-05 -0.000118435 -5.92174e-05 6.2832 0 0 0.425772 0.90483 
2.19 5.92179e-05 -0.000118435 -5.92174e-05 6.2832 0 0 0.368117 0.929779 
2.2 5.92179e-05 -0.000118435 -5.92174e-05 6.2832 0 0 0.309009 0.951059 
2.21 5.92179e-05 -0.000118435 -5.92174e-05 6.2832 0 0 0.248682 0.968585 
2.22 5.9218e-05 -0.000118435 -5.92174e-05 6.2832 0 0 0.187373 0.982288 
2.23 5.9218e-05 -0.000118435 -5.92173e-05 6.2832 0 0 0.125325 0.992115 
2.24 5.9218e-05 -0.000118435 -5.92173e-05 6.2832 0 0 0.062782 0.998027 
2.25 5.9218e-05 -0.000118435 -5.92173e-05 6.2832 0 0 -8.58836e-06 0.999999 
2.26 5.92181e-05 -0.000118435 -5.92173e-05 6.2832 0 0 -0.0627991 0.998026 
2.27 5.92181e-05 -0.000118435 -5.92172e-05 6.2832 0 0 -0.125342 0.992113 
2.28 5.92181e-05 -0.000118435 -5.92172e-05 6.2832 0 0 -0.18739 0.982285 
2.29 5.92181e-05 -0.000118435 -5.92172e-05 6.2832 0 0 -0.248698 0.96858 
2.3 5.92182e-05 -0.000118435 -5.92172e-05 6.2832 0 0 -0.309025 0.951053 
2.31 5.92182e-05 -0.000118435 -5.92172e-05 6.2832 0 0 -0.368133 0.929773 
2.32 5.92182e-05 -0.000118435 -5.92171e-05 6.2832 0 0 -0.425787 0.904823 
2.33 5.92182e-05 -0.000118435 -5.92171e-05 6.2832 0 0 -0.481761 0.876302 
2.34 5.92182e-05 -0.000118435 -5.92171e-05 6.2832 0 0 -0.535834 0.844322 
2.35 5.92183e-05 -0.000118435 -5.92171e-05 6.2832 0 0 -0.587792 0.809011 
2.36 5.92183e-05 -0.000118435 -5.92171e-05 6.2832 0 0 -0.637431 0.770507 
2.37 5.92183e-05 -0.000118435 -5.92171e-05 6.2832 0 0 -0.684553 0.728962 
2.38 5.92183e-05 -0.000118435 -5.9217e-05 6.2832 0 0 -0.728975 0.68454 
2.39 5.92183e-05 -0.000118435 -5.9217e-05 6.2832 0 0 -0.770519 0.637416 
2.4 5.92183e-05 -0.000118435 -5.9217e-05 6.2832 0 0 -0.809022 0.587777 
2.41 5.92184e-05 -0.000118435 -5.9217e-05 6.2832 0 0 -0.844332 0.535818 
2.42 5.92184e-05 -0.000118435 -5.9217e-05 6.2832 0 0 -0.876311 0.481745 
2.43 5.92184e-05 -0.000118435 -5.9217e-05 6.2832 0 0 -0.90483 0.42577 
2.44 5.92184e-05 -0.000118435 -5.9217e-05 6.2832 0 0 -0.929779 0.368115 
2.45 5.92184e-05 -0.000118435 -5.9217e-05 6.2832 0 0 -0.951059 0.309007 
2.46 5.92184e-05 -0.000118435 -5.9217e-05 6.2832 0 0 -0.968585 0.24868 
2.47 5.92184e-05 -0.000118435 -5.92169e-05 6.2832 0 0 -0.982288 0.187371 
2.48 5.92184e-05 -0.000118435 -5.92169e-05 6.2832 0 0 -0.992115 0.125323 
2.49 5.92184e-05 -0.000118435 -5.92169e-05 6.2832 0 0 -0.998026 0.06278 
2.5 5.92184e-05 -0.000118435 -5.92169e-05 6.2832 0 0 -0.999999 -1.05506e-05 
2.51 5.92184e-05 -0.000118435 -5.92169e-05 6.2832 0 0 -0.998025 -0.0628011 
2.52 5.92184e-05 -0.000118435 -5.92169e-05 6.2832 0 0 -0.992112 -0.125344 
2.53 5.92184e-05 -0.000118435 -5.92169e-05 6.2832 0 0 -0.982284 -0.187392 
2.54 5.92184e-05 -0.000118435 -5.9217e-05 6.2832 0 0 -0.96858 -0.2487 
2.55 5.92184e-05 -0.000118435 -5.9217e-05 6.2832 0 0 -0.951052 -0.309027 
2.56 5.92184e-05 -0.000118435 -5.9217e-05 6.2832 0 0 -0.929772 -0.368135 
2.57 5.92184e-05 -0.000118435 -5.9217e-05 6.2832 0 0 -0.904821 -0.425789 
2.58 5.92184e-05 -0.000118435 -5.9217e-05 6.2832 0 0 -0.8763 -0.481763 
2.59 5.92184e-05 -0.000118435 -5.9217e-05 6.2832 0 0 -0.844321 -0.535836 
2.6 5.92183e-05 -0.000118435 -5.9217e-05 6.2832 0 0 -0.80901 -0.587794 
2.61 5.92183e-05 -0.000118435 -5.9217e-05 6.2832 0 0 -0.770505 -0.637432 
2.62 5.92183e-05 -0.000118435 -5.9217e-05 6.2832 0 0 -0.72896 -0.684555 
2.63 5.92183e-05 -0.000118435 -5.92171e-05 6.2832 0 0 -0.684538 -0.728976 
2.64 5.92183e-05 -0.000118435 -5.92171e-05 6.2832 0 0 -0.637414 -0.77052 
2.65 5.92183e-05 -0.000118435 -5.92171e-05 6.2832 0 0 -0.587775 -0.809023 
2.66 5.92182e-05 -0.000118435 -5.92171e-05 6.2832 0 0 -0.535816 -0.844334 
2.67 5.92182e-05 -0.000118435 -5.92171e-05 6.2832 0 0 -0.481743 -0.876312 
2.68 5.92182e-05 -0.000118435 -5.92171e-05 6.2832 0 0 -0.425768 -0.904831 
2.69 5.92182e-05 -0.000118435 -5.92172e-05 6.2832 0 0 -0.368113 -0.92978 
2.7 5.92182e-05 -0.000118435 -5.92172e-05 6.2832 0 0 -0.309005 -0.95106 
2.71 5.92181e-05 -0.000118435 -5.92172e-05 6.2832 0 0 -0.248678 -0.968585 
2.72 5.92181e-05 -0.000118435 -5.92172e-05 6.2832 0 0 -0.187369 -0.982289 
2.73 5.92181e-05 -0.000118435 -5.92173e-05 6.2832 0 0 -0.125321 -0.992116 
2.74 5.92181e-05 -0.000118435 -5.92173e-05 6.2832 0 0 -0.0627779 -0.998027 
2.75 5.9218e-05 -0.000118435 -5.92173e-05 6.2832 0 0 1.26953e-05 -0.999999 
2.76 5.9218e-05 -0.000118435 -5.92173e-05 6.2832 0 0 0.0628032 -0.998025 
2.77 5.9218e-05 -0.000118435 -5.92173e-05 6.2832 0 0 0.125346 -0.992112 
2.78 5.9218e-05 -0.000118435 -5.92174e-05 6.2832 0 0 0.187394 -0.982284 
2.79 5.92179e-05 -0.000118435 -5.92174e-05 6.2832 0 0 0.248702 -0.968579 
2.8 5.92179e-05 -0.000118435 -5.92174e-05 6.2832 0 0 0.309029 -0.951052 
2.81 5.92179e-05 -0.000118435 -5.92174e-05 6.2832 0 0 0.368136 -0.929771 
2.82 5.92179e-05 -0.000118435 -5.92175e-05 6.2832 0 0 0.425791 -0.904821 
2.83 5.92179e-05 -0.000118435 -5.92175e-05 6.2832 0 0 0.481765 -0.8763 
2.84 5.92178e-05 -0.000118435 -5.92175e-05 6.2832 0 0 0.535838 -0.84432 
2.85 5.92178e-05 -0.000118435 -5.92175e-05 6.2832 0 0 0.587796 -0.809009 
2.86 5.92178e-05 -0.000118435 -5.92175e-05 6.2832 0 0 0.637434 -0.770504 
2.87 5.92178e-05 -0.000118435 -5.92175e-05 6.2832 0 0 0.684556 -0.728959 
2.88 5.92178e-05 -0.000118435 -5.92176e-05 6.2832 0 0 0.728977 -0.684537 
2.89 5.92177e-05 -0.000118435 -5.92176e-05 6.2832 0 0 0.770521 -0.637413 
2.9 5.92177e-05 -0.000118435 -5.92176e-05 6.2832 0 0 0.809025 -0.587774 
2.91 5.92177e-05 -0.000118435 -5.92176e-05 6.2832 0 0 0.844335 -0.535815 
2.92 5.92177e-05 -0.000118435 -5.92176e-05 6.2832 0 0 0.876313 -0.481741 
2.93 5.92177e-05 -0.000118435 -5.92176e-05 6.2832 0 0 0.904832 -0.425767 
2.94 5.92177e-05 -0.000118435 -5.92176e-05 6.2832 0 0 0.929781 -0.368112 
2.95 5.92177e-05 -0.000118435 -5.92176e-05 6.2832 0 0 0.95106 -0.309004 
2.96 5.92177e-05 -0.000118435 -5.92176e-05 6.2832 0 0 0.968586 -0.248676 
2.97 5.92177e-05 -0.000118435 -5.92177e-05 6.2832 0 0 0.982289 -0.187368 
2.98 5.92177e-05 -0.000118435 -5.92177e-05 6.2832 0 0 0.992116 -0.125319 
2.99 5.92177e-05 -0.000118435 -5.92177e-05 6.2832 0 0 0.998027 -0.0627766 
3 5.92177e-05 -0.000118435 -5.92177e-05 6.2832 0 0 0.999999 1.39679e-05 
3.01 5.92177e-05 -0.000118435 -5.92177e-05 6.2832 0 0 0.998025 0.0628045 
3.02 5.92177e-05 -0.000118435 -5.92177e-05 6.2832 0 0 0.992112 0.125347 
3.03 5.92177e-05 -0.000118435 -5.92177e-05 6.2832 0 0 0.982284 0.187395 
3.04 5.92177e-05 -0.000118435 -5.92176e-05 6.2832 0 0 0.968579 0.248703 
3.05 5.92177e-05 -0.000118435 -5.92176e-05 6.2832 0 0 0.951052 0.30903 
3.06 5.92177e-05 -0.000118435 -5.92176e-05 6.2832 0 0 0.929771 0.368138 
3.07 5.92177e-05 -0.000118435 -5.92176e-05 6.2832 0 0 0.90482 0.425792 
3.08 5.92177e-05 -0.000118435 -5.92176e-05 6.2832 0 0 0.876299 0.481766 
3.09 5.92177e-05 -0.000118435 -5.92176e-05 6.2832 0 0 0.84432 0.535839 
3.1 5.92177e-05 -0.000118435 -5.92176e-05 6.2832 0 0 0.809008 0.587797 
3.11 5.92177e-05 -0.000118435 -5.92176e-05 6.2832 0 0 0.770504 0.637435 
3.12 5.92178e-05 -0.000118435 -5.92176e-05 6.2832 0 0 0.728958 0.684557 
3.13 5.92178e-05 -0.000118435 -5.92175e-05 6.2832 0 0 0.684536 0.728978 
3.14 5.92178e-05 -0.000118435 -5.92175e-05 6.2832 0 0 0.637412 0.770522 
3.15 5.92178e-05 -0.000118435 -5.92175e-05 6.2832 0 0 0.587773 0.809025 
3.16 5.92178e-05 -0.000118435 -5.92175e-05 6.2832 0 0 0.535814 0.844335 
3.17 5.92179e-05 -0.000118435 -5.92175e-05 6.2832 0 0 0.48174 0.876313 
3.18 5.92179e-05 -0.000118435 -5.92175e-05 6.2832 0 0 0.425766 0.904833 
3.19 5.92179e-05 -0.000118435 -5.92174e-05 6.2832 0 0 0.36811 0.929781 
3.2 5.92179e-05 -0.000118435 -5.92174e-05 6.2832 0 0 0.309003 0.95106 
3.21 5.92179e-05 -0.000118435 -5.92174e-05 6.2832 0 0 0.248675 0.968586 
3.22 5.9218e-05 -0.000118435 -5.92174e-05 6.2832 0 0 0.187366 0.982289 
3.23 5.9218e-05 -0.000118435 -5.92173e-05 6.2832 0 0 0.125318 0.992116 
3.24 5.9218e-05 -0.000118435 -5.92173e-05 6.2832 0 0 0.0627753 0.998027 
3.25 5.9218e-05 -0.000118435 -5.92173e-05 6.2832 0 0 -1.52595e-05 0.999999 
3.26 5.92181e-05 -0.000118435 -5.92173e-05 6.2832 0 0 -0.0628058 0.998025 
3.27 5.92181e-05 -0.000118435 -5.92173e-05 6.2832 0 0 -0.125348 0.992112 
3.28 5.92181e-05 -0.000118435 -5.92172e-05 6.2832 0 0 -0.187396 0.982284 
3.29 5.92181e-05 -0.000118435 -5.92172e-05 6.2832 0 0 -0.248705 0.968578 
3.3 5.92182e-05 -0.000118435 -5.92172e-05 6.2832 0 0 -0.309032 0.951051 
3.31 5.92182e-05 -0.000118435 -5.92172e-05 6.2832 0 0 -0.368139 0.92977 
3.32 5.92182e-05 -0.000118435 -5.92172e-05 6.2832 0 0 -0.425793 0.90482 
3.33 5.92182e-05 -0.000118435 -5.92171e-05 6.2832 0 0 -0.481767 0.876298 
3.34 5.92182e-05 -0.000118435 -5.92171e-05 6.2832 0 0 -0.53584 0.844319 
3.35 5.92183e-05 -0.000118435 -5.92171e-05 6.2832 0 0 -0.587798 0.809007 
3.36 5.92183e-05 -0.000118435 -5.92171e-05 6.2832 0 0 -0.637436 0.770502 
3.37 5.92183e-05 -0.000118435 -5.92171e-05 6.2832 0 0 -0.684558 0.728957 
3.38 5.92183e-05 -0.000118435 -5.9217e-05 6.2832 0 0 -0.728979 0.684534 
3.39 5.92183e-05 -0.000118435 -5.9217e-05 6.2832 0 0 -0.770523 0.637411 
3.4 5.92184e-05 -0.000118435 -5.9217e-05 6.2832 0 0 -0.809026 0.587771 
3.41 5.92184e-05 -0.000118435 -5.9217e-05 6.2832 0 0 -0.844336 0.535812 
3.42 5.92184e-05 -0.000118435 -5.9217e-05 6.2832 0 0 -0.876314 0.481738 
3.43 5.92184e-05 -0.000118435 -5.9217e-05 6.2832 0 0 -0.904833 0.425764 
3.44 5.92184e-05 -0.000118435 -5.9217e-05 6.2832 0 0 -0.929782 0.368108 
3.45 5.92184e-05 -0.000118435 -5.9217e-05 6.2832 0 0 -0.951061 0.309 
3.46 5.92184e-05 -0.000118435 -5.9217e-05 6.2832 0 0 -0.968586 0.248673 
3.47 5.92184e-05 -0.000118435 -5.9217e-05 6.2832 0 0 -0.982289 0.187364 
3.48 5.92184e-05 -0.000118435 -5.9217e-05 6.2832 0 0 -0.992116 0.125316 
3.49 5.92184e-05 -0.000118435 -5.9217e-05 6.2832 0 0 -0.998027 0.062773 
3.5 5.92184e-05 -0.000118435 -5.9217e-05 6.2832 0 0 -0.999999 -1.76247e-05 
3.51 5.92184e-05 -0.000118435 -5.9217e-05 6.2832 0 0 -0.998025 -0.0628082 
3.52 5.92184e-05 -0.000118435 -5.9217e-05 6.2832 0 0 -0.992111 -0.125351 
3.53 5.92184e-05 -0.000118435 -5.9217e-05 6.2832 0 0 -0.982283 -0.187399 
3.54 5.92184e-05 -0.000118435 -5.9217e-05 6.2832 0 0 -0.968578 -0.248707 
3.55 5.92184e-05 -0.000118435 -5.9217e-05 6.2832 0 0 -0.95105 -0.309034 
3.56 5.92184e-05 -0.000118435 -5.9217e-05 6.2832 0 0 -0.929769 -0.368141 
3.57 5.92184e-05 -0.000118435 -5.9217e-05 6.2832 0 0 -0.904818 -0.425795 
3.58 5.92184e-05 -0.000118435 -5.9217e-05 6.2832 0 0 -0.876297 -0.481769 
3.59 5.92184e-05 -0.000118435 -5.9217e-05 6.2832 0 0 -0.844317 -0.535842 
3.6 5.92184e-05 -0.000118435 -5.9217e-05 6.2832 0 0 -0.809005 -0.5878 
3.61 5.92183e-05 -0.000118435 -5.9217e-05 6.2832 0 0 -0.7705 -0.637438 
3.62 5.92183e-05 -0.000118435 -5.9217e-05 6.2832 0 0 -0.728955 -0.68456 
3.63 5.92183e-05 -0.000118435 -5.92171e-05 6.2832 0 0 -0.684533 -0.728981 
3.64 5.92183e-05 -0.000118435 -5.92171e-05 6.2832 0 0 -0.637409 -0.770525 
3.65 5.92183e-05 -0.000118435 -5.92171e-05 6.2832 0 0 -0.587769 -0.809027 
3.66 5.92183e-05 -0.000118435 -5.92171e-05 6.2832 0 0 -0.53581 -0.844337 
3.67 5.92182e-05 -0.000118435 -5.92171e-05 6.2832 0 0 -0.481736 -0.876315 
3.68 5.92182e-05 -0.000118435 -5.92172e-05 6.2832 0 0 -0.425761 -0.904834 
3.69 5.92182e-05 -0.000118435 -5.92172e-05 6.2832 0 0 -0.368106 -0.929783 
3.7 5.92182e-05 -0.000118435 -5.92172e-05 6.2832 0 0 -0.308998 -0.951062 
3.71 5.92181e-05 -0.000118435 -5.92172e-05 6.2832 0 0 -0.24867 -0.968587 
3.72 5.92181e-05 -0.000118435 -5.92172e-05 6.2832 0 0 -0.187362 -0.98229 
3.73 5.92181e-05 -0.000118435 -5.92173e-05 6.2832 0 0 -0.125313 -0.992116 
3.74 5.92181e-05 -0.000118435 -5.92173e-05 6.2832 0 0 -0.0627704 -0.998027 
3.75 5.92181e-05 -0.000118435 -5.92173e-05 6.2832 0 0 2.01724e-05 -0.999999 
3.76 5.9218e-05 -0.000118435 -5.92173e-05 6.2832 0 0 0.0628107 -0.998025 
3.77 5.9218e-05 -0.000118435 -5.92174e-05 6.2832 0 0 0.125353 -0.992111 
3.78 5.9218e-05 -0.000118435 -5.92174e-05 6.2832 0 0 0.187401 -0.982283 
3.79 5.9218e-05 -0.000118435 -5.92174e-05 6.2832 0 0 0.24871 -0.968577 
3.8 5.92179e-05 -0.000118435 -5.92174e-05 6.2832 0 0 0.309036 -0.951049 
3.81 5.92179e-05 -0.000118435 -5.92174e-05 6.2832 0 0 0.368143 -0.929768 
3.82 5.92179e-05 -0.000118435 -5.92175e-05 6.2832 0 0 0.425798 -0.904817 
3.83 5.92179e-05 -0.000118435 -5.92175e-05 6.2832 0 0 0.481772 -0.876296 
3.84 5.92178e-05 -0.000118435 -5.92175e-05 6.2832 0 0 0.535844 -0.844316 
3.85 5.92178e-05 -0.000118435 -5.92175e-05 6.2832 0 0 0.587802 -0.809004 
3.86 5.92178e-05 -0.000118435 -5.92175e-05 6.2832 0 0 0.63744 -0.770499 
3.87 5.92178e-05 -0.000118435 -5.92176e-05 6.2832 0 0 0.684562 -0.728954 
3.88 5.92178e-05 -0.000118435 -5.92176e-05 6.2832 0 0 0.728983 -0.684531 
3.89 5.92178e-05 -0.000118435 -5.92176e-05 6.2832 0 0 0.770526 -0.637407 
3.9 5.92177e-05 -0.000118435 -5.92176e-05 6.2832 0 0 0.809029 -0.587768 
3.91 5.92177e-05 -0.000118435 -5.92176e-05 6.2832 0 0 0.844339 -0.535808 
3.92 5.92177e-05 -0.000118435 -5.92176e-05 6.2832 0 0 0.876316 -0.481735 
3.93 5.92177e-05 -0.000118435 -5.92176e-05 6.2832 0 0 0.904836 -0.42576 
3.94 5.92177e-05 -0.000118435 -5.92176e-05 6.2832 0 0 0.929784 -0.368104 
3.95 5.92177e-05 -0.000118435 -5.92176e-05 6.2832 0 0 0.951063 -0.308996 
3.96 5.92177e-05 -0.000118435 -5.92177e-05 6.2832 0 0 0.968588 -0.248669 
3.97 5.92177e-05 -0.000118435 -5.92177e-05 6.2832 0 0 0.982291 -0.18736 
3.98 5.92177e-05 -0.000118435 -5.92177e-05 6.2832 0 0 0.992117 -0.125312 
3.99 5.92177e-05 -0.000118435 -5.92177e-05 6.2832 0 0 0.998027 -0.0627687 
4 5.92177e-05 -0.000118435 -5.92177e-05 6.2832 0 0 0.999999 2.18481e-05 
