sun earth 
0 5.92176e-05 -3e-06 5.62176e-05 0 0 1 0 
0.005 5.92176e-05 -3e-06 5.62176e-05 0 0 0.999507 0.0314108 
0.01 5.92176e-05 -3e-06 5.62176e-05 0 0 0.998027 0.0627905 
0.015 5.92176e-05 -3e-06 5.62176e-05 0 0 0.995562 0.0941083 
0.02 5.92176e-05 -3e-06 5.62176e-05 0 0 0.992115 0.125333 
0.025 5.92176e-05 -3e-06 5.62176e-05 0 0 0.987688 0.156434 
0.03 5.92176e-05 -3e-06 5.62176e-05 0 0 0.982287 0.187381 
0.035 5.92176e-05 -3e-06 5.62176e-05 0 0 0.975917 0.218143 
0.04 5.92176e-05 -3e-06 5.62176e-05 0 0 0.968583 0.24869 
0.045 5.92176e-05 -3e-06 5.62176e-05 0 0 0.960294 0.278991 
0.05 5.92176e-05 -3e-06 5.62176e-05 0 0 0.951057 0.309017 
0.055 5.92176e-05 -3e-06 5.62176e-05 0 0 0.940881 0.338738 
0.06 5.92177e-05 -3e-06 5.62177e-05 0 0 0.929776 0.368125 
0.065 5.92177e-05 -3e-06 5.62177e-05 0 0 0.917755 0.397148 
0.07 5.92177e-05 -3e-06 5.62177e-05 0 0 0.904827 0.425779 
0.075 5.92177e-05 -3e-06 5.62177e-05 0 0 0.891007 0.45399 
0.08 5.92177e-05 -3e-06 5.62177e-05 0 0 0.876307 0.481754 
0.085 5.92177e-05 -3e-06 5.62177e-05 0 0 0.860742 0.509041 
0.09 5.92177e-05 -3e-06 5.62177e-05 0 0 0.844328 0.535827 
0.095 5.92177e-05 -3e-06 5.62177e-05 0 0 0.827081 0.562083 
0.1 5.92177e-05 -3e-06 5.62177e-05 0 0 0.809017 0.587785 
0.105 5.92177e-05 -3e-06 5.62177e-05 0 0 0.790155 0.612907 
0.11 5.92177e-05 -3e-06 5.62177e-05 0 0 0.770513 0.637424 
0.115 5.92177e-05 -3e-06 5.62177e-05 0 0 0.750111 0.661312 
0.12 5.92177e-05 -3e-06 5.62177e-05 0 0 0.728969 0.684547 
0.125 5.92177e-05 -3e-06 5.62177e-05 0 0 0.707107 0.707107 
0.13 5.92177e-05 -3e-06 5.62177e-05 0 0 0.684547 0.728969 
0.135 5.92177e-05 -3e-06 5.62177e-05 0 0 0.661312 0.750111 
0.14 5.92178e-05 -3e-06 5.62178e-05 0 0 0.637424 0.770513 
0.145 5.92178e-05 -3e-06 5.62178e-05 0 0 0.612907 0.790155 
0.15 5.92178e-05 -3e-06 5.62178e-05 0 0 0.587785 0.809017 
0.155 5.92178e-05 -3e-06 5.62178e-05 0 0 0.562083 0.827081 
0.16 5.92178e-05 -3e-06 5.62178e-05 0 0 0.535827 0.844328 
0.165 5.92178e-05 -3e-06 5.62178e-05 0 0 0.509041 0.860742 
0.17 5.92178e-05 -3e-06 5.62178e-05 0 0 0.481754 0.876307 
0.175 5.92178e-05 -3e-06 5.62178e-05 0 0 0.45399 0.891007 
0.18 5.92178e-05 -3e-06 5.62178e-05 0 0 0.425779 0.904827 
0.185 5.92178e-05 -3e-06 5.62178e-05 0 0 0.397148 0.917755 
0.19 5.92179e-05 -3e-06 5.62179e-05 0 0 0.368125 0.929776 
0.195 5.92179e-05 -3e-06 5.62179e-05 0 0 0.338738 0.940881 
0.2 5.92179e-05 -3e-06 5.62179e-05 0 0 0.309017 0.951057 
0.205 5.92179e-05 -3e-06 5.62179e-05 0 0 0.278991 0.960294 
0.21 5.92179e-05 -3e-06 5.62179e-05 0 0 0.24869 0.968583 
0.215 5.92179e-05 -3e-06 5.62179e-05 0 0 0.218143 0.975917 
0.22 5.92179e-05 -3e-06 5.62179e-05 0 0 0.187381 0.982287 
0.225 5.92179e-05 -3e-06 5.62179e-05 0 0 0.156434 0.987688 
0.23 5.92179e-05 -3e-06 5.62179e-05 0 0 0.125333 0.992115 
0.235 5.92179e-05 -3e-06 5.62179e-05 0 0 0.0941083 0.995562 
0.24 5.9218e-05 -3e-06 5.6218e-05 0 0 0.0627905 0.998027 
0.245 5.9218e-05 -3e-06 5.6218e-05 0 0 0.0314108 0.999507 
0.25 5.9218e-05 -3e-06 5.6218e-05 0 0 -4.92682e-09 1 
0.255 5.9218e-05 -3e-06 5.6218e-05 0 0 -0.0314108 0.999507 
0.26 5.9218e-05 -3e-06 5.6218e-05 0 0 -0.0627905 0.998027 
0.265 5.9218e-05 -3e-06 5.6218e-05 0 0 -0.0941083 0.995562 
0.27 5.9218e-05 -3e-06 5.6218e-05 0 0 -0.125333 0.992115 
0.275 5.9218e-05 -3e-06 5.6218e-05 0 0 -0.156434 0.987688 
0.28 5.92181e-05 -3e-06 5.62181e-05 0 0 -0.187381 0.982287 
0.285 5.92181e-05 -3e-06 5.62181e-05 0 0 -0.218143 0.975917 
0.29 5.92181e-05 -3e-06 5.62181e-05 0 0 -0.24869 0.968583 
0.295 5.92181e-05 -3e-06 5.62181e-05 0 0 -0.278991 0.960294 
0.3 5.92181e-05 -3e-06 5.62181e-05 0 0 -0.309017 0.951056 
0.305 5.92181e-05 -3e-06 5.62181e-05 0 0 -0.338738 0.940881 
0.31 5.92181e-05 -3e-06 5.62181e-05 0 0 -0.368125 0.929776 
0.315 5.92181e-05 -3e-06 5.62181e-05 0 0 -0.397148 0.917755 
0.32 5.92181e-05 -3e-06 5.62181e-05 0 0 -0.425779 0.904827 
0.325 5.92181e-05 -3e-06 5.62181e-05 0 0 -0.453991 0.891006 
0.33 5.92182e-05 -3e-06 5.62182e-05 0 0 -0.481754 0.876307 
0.335 5.92182e-05 -3e-06 5.62182e-05 0 0 -0.509041 0.860742 
0.34 5.92182e-05 -3e-06 5.62182e-05 0 0 -0.535827 0.844328 
0.345 5.92182e-05 -3e-06 5.62182e-05 0 0 -0.562083 0.827081 
0.35 5.92182e-05 -3e-06 5.62182e-05 0 0 -0.587785 0.809017 
0.355 5.92182e-05 -3e-06 5.62182e-05 0 0 -0.612907 0.790155 
0.36 5.92182e-05 -3e-06 5.62182e-05 0 0 -0.637424 0.770513 
0.365 5.92182e-05 -3e-06 5.62182e-05 0 0 -0.661312 0.750111 
0.37 5.92182e-05 -3e-06 5.62182e-05 0 0 -0.684547 0.728969 
0.375 5.92182e-05 -3e-06 5.62182e-05 0 0 -0.707107 0.707107 
0.38 5.92182e-05 -3e-06 5.62182e-05 0 0 -0.728969 0.684547 
0.385 5.92183e-05 -3e-06 5.62183e-05 0 0 -0.750111 0.661312 
0.39 5.92183e-05 -3e-06 5.62183e-05 0 0 -0.770513 0.637424 
0.395 5.92183e-05 -3e-06 5.62183e-05 0 0 -0.790155 0.612907 
0.4 5.92183e-05 -3e-06 5.62183e-05 0 0 -0.809017 0.587785 
0.405 5.92183e-05 -3e-06 5.62183e-05 0 0 -0.827081 0.562083 
0.41 5.92183e-05 -3e-06 5.62183e-05 0 0 -0.844328 0.535827 
0.415 5.92183e-05 -3e-06 5.62183e-05 0 0 -0.860742 0.509041 
0.42 5.92183e-05 -3e-06 5.62183e-05 0 0 -0.876307 0.481754 
0.425 5.92183e-05 -3e-06 5.62183e-05 0 0 -0.891007 0.45399 
0.43 5.92183e-05 -3e-06 5.62183e-05 0 0 -0.904827 0.425779 
0.435 5.92183e-05 -3e-06 5.62183e-05 0 0 -0.917755 0.397148 
0.44 5.92183e-05 -3e-06 5.62183e-05 0 0 -0.929776 0.368124 
0.445 5.92183e-05 -3e-06 5.62183e-05 0 0 -0.940881 0.338738 
0.45 5.92183e-05 -3e-06 5.62183e-05 0 0 -0.951057 0.309017 
0.455 5.92183e-05 -3e-06 5.62183e-05 0 0 -0.960294 0.278991 
0.46 5.92183e-05 -3e-06 5.62183e-05 0 0 -0.968583 0.24869 
0.465 5.92183e-05 -3e-06 5.62183e-05 0 0 -0.975917 0.218143 
0.47 5.92183e-05 -3e-06 5.62183e-05 0 0 -0.982287 0.187381 
0.475 5.92183e-05 -3e-06 5.62183e-05 0 0 -0.987688 0.156434 
0.48 5.92183e-05 -3e-06 5.62183e-05 0 0 -0.992115 0.125333 
0.485 5.92183e-05 -3e-06 5.62183e-05 0 0 -0.995562 0.0941082 
0.49 5.92183e-05 -3e-06 5.62183e-05 0 0 -0.998027 0.0627904 
0.495 5.92183e-05 -3e-06 5.62183e-05 0 0 -0.999507 0.0314107 
0.5 5.92183e-05 -3e-06 5.62183e-05 0 0 -1 -7.40872e-08 
0.505 5.92183e-05 -3e-06 5.62183e-05 0 0 -0.999507 -0.0314108 
0.51 5.92183e-05 -3e-06 5.62183e-05 0 0 -0.998027 -0.0627906 
0.515 5.92183e-05 -3e-06 5.62183e-05 0 0 -0.995562 -0.0941084 
0.52 5.92183e-05 -3e-06 5.62183e-05 0 0 -0.992115 -0.125333 
0.525 5.92183e-05 -3e-06 5.62183e-05 0 0 -0.987688 -0.156435 
0.53 5.92183e-05 -3e-06 5.62183e-05 0 0 -0.982287 -0.187381 
0.535 5.92183e-05 -3e-06 5.62183e-05 0 0 -0.975917 -0.218143 
0.54 5.92183e-05 -3e-06 5.62183e-05 0 0 -0.968583 -0.24869 
0.545 5.92183e-05 -3e-06 5.62183e-05 0 0 -0.960294 -0.278991 
0.55 5.92183e-05 -3e-06 5.62183e-05 0 0 -0.951056 -0.309017 
0.555 5.92183e-05 -3e-06 5.62183e-05 0 0 -0.940881 -0.338738 
0.56 5.92183e-05 -3e-06 5.62183e-05 0 0 -0.929776 -0.368125 
0.565 5.92183e-05 -3e-06 5.62183e-05 0 0 -0.917755 -0.397148 
0.57 5.92183e-05 -3e-06 5.62183e-05 0 0 -0.904827 -0.425779 
0.575 5.92183e-05 -3e-06 5.62183e-05 0 0 -0.891006 -0.453991 
0.58 5.92183e-05 -3e-06 5.62183e-05 0 0 -0.876307 -0.481754 
0.585 5.92183e-05 -3e-06 5.62183e-05 0 0 -0.860742 -0.509041 
0.59 5.92183e-05 -3e-06 5.62183e-05 0 0 -0.844328 -0.535827 
0.595 5.92183e-05 -3e-06 5.62183e-05 0 0 -0.82708 -0.562083 
0.6 5.92183e-05 -3e-06 5.62183e-05 0 0 -0.809017 -0.587785 
0.605 5.92183e-05 -3e-06 5.62183e-05 0 0 -0.790155 -0.612907 
0.61 5.92183e-05 -3e-06 5.62183e-05 0 0 -0.770513 -0.637424 
0.615 5.92183e-05 -3e-06 5.62183e-05 0 0 -0.750111 -0.661312 
0.62 5.92182e-05 -3e-06 5.62182e-05 0 0 -0.728969 -0.684547 
0.625 5.92182e-05 -3e-06 5.62182e-05 0 0 -0.707107 -0.707107 
0.63 5.92182e-05 -3e-06 5.62182e-05 0 0 -0.684547 -0.728969 
0.635 5.92182e-05 -3e-06 5.62182e-05 0 0 -0.661312 -0.750111 
0.64 5.92182e-05 -3e-06 5.62182e-05 0 0 -0.637424 -0.770513 
0.645 5.92182e-05 -3e-06 5.62182e-05 0 0 -0.612907 -0.790155 
0.65 5.92182e-05 -3e-06 5.62182e-05 0 0 -0.587785 -0.809017 
0.655 5.92182e-05 -3e-06 5.62182e-05 0 0 -0.562083 -0.827081 
0.66 5.92182e-05 -3e-06 5.62182e-05 0 0 -0.535827 -0.844328 
0.665 5.92182e-05 -3e-06 5.62182e-05 0 0 -0.509041 -0.860742 
0.67 5.92182e-05 -3e-06 5.62182e-05 0 0 -0.481754 -0.876307 
0.675 5.92181e-05 -3e-06 5.62181e-05 0 0 -0.45399 -0.891007 
0.68 5.92181e-05 -3e-06 5.62181e-05 0 0 -0.425779 -0.904827 
0.685 5.92181e-05 -3e-06 5.62181e-05 0 0 -0.397148 -0.917755 
0.69 5.92181e-05 -3e-06 5.62181e-05 0 0 -0.368124 -0.929777 
0.695 5.92181e-05 -3e-06 5.62181e-05 0 0 -0.338738 -0.940881 
0.7 5.92181e-05 -3e-06 5.62181e-05 0 0 -0.309017 -0.951057 
0.705 5.92181e-05 -3e-06 5.62181e-05 0 0 -0.278991 -0.960294 
0.71 5.92181e-05 -3e-06 5.62181e-05 0 0 -0.24869 -0.968583 
0.715 5.92181e-05 -3e-06 5.62181e-05 0 0 -0.218143 -0.975917 
0.72 5.92181e-05 -3e-06 5.62181e-05 0 0 -0.187381 -0.982287 
0.725 5.9218e-05 -3e-06 5.6218e-05 0 0 -0.156434 -0.987688 
0.73 5.9218e-05 -3e-06 5.6218e-05 0 0 -0.125333 -0.992115 
0.735 5.9218e-05 -3e-06 5.6218e-05 0 0 -0.0941082 -0.995562 
0.74 5.9218e-05 -3e-06 5.6218e-05 0 0 -0.0627904 -0.998027 
0.745 5.9218e-05 -3e-06 5.6218e-05 0 0 -0.0314106 -0.999507 
0.75 5.9218e-05 -3e-06 5.6218e-05 0 0 1.48946e-07 -1 
0.755 5.9218e-05 -3e-06 5.6218e-05 0 0 0.0314109 -0.999507 
0.76 5.9218e-05 -3e-06 5.6218e-05 0 0 0.0627907 -0.998027 
0.765 5.9218e-05 -3e-06 5.6218e-05 0 0 0.0941085 -0.995562 
0.77 5.92179e-05 -3e-06 5.62179e-05 0 0 0.125333 -0.992115 
0.775 5.92179e-05 -3e-06 5.62179e-05 0 0 0.156435 -0.987688 
0.78 5.92179e-05 -3e-06 5.62179e-05 0 0 0.187381 -0.982287 
0.785 5.92179e-05 -3e-06 5.62179e-05 0 0 0.218143 -0.975917 
0.79 5.92179e-05 -3e-06 5.62179e-05 0 0 0.24869 -0.968583 
0.795 5.92179e-05 -3e-06 5.62179e-05 0 0 0.278991 -0.960294 
0.8 5.92179e-05 -3e-06 5.62179e-05 0 0 0.309017 -0.951056 
0.805 5.92179e-05 -3e-06 5.62179e-05 0 0 0.338738 -0.940881 
0.81 5.92179e-05 -3e-06 5.62179e-05 0 0 0.368125 -0.929776 
0.815 5.92178e-05 -3e-06 5.62178e-05 0 0 0.397148 -0.917755 
0.82 5.92178e-05 -3e-06 5.62178e-05 0 0 0.425779 -0.904827 
0.825 5.92178e-05 -3e-06 5.62178e-05 0 0 0.453991 -0.891006 
0.83 5.92178e-05 -3e-06 5.62178e-05 0 0 0.481754 -0.876307 
0.835 5.92178e-05 -3e-06 5.62178e-05 0 0 0.509042 -0.860742 
0.84 5.92178e-05 -3e-06 5.62178e-05 0 0 0.535827 -0.844328 
0.845 5.92178e-05 -3e-06 5.62178e-05 0 0 0.562084 -0.82708 
0.85 5.92178e-05 -3e-06 5.62178e-05 0 0 0.587785 -0.809017 
0.855 5.92178e-05 -3e-06 5.62178e-05 0 0 0.612907 -0.790155 
0.86 5.92178e-05 -3e-06 5.62178e-05 0 0 0.637424 -0.770513 
0.865 5.92177e-05 -3e-06 5.62177e-05 0 0 0.661312 -0.750111 
0.87 5.92177e-05 -3e-06 5.62177e-05 0 0 0.684547 -0.728969 
0.875 5.92177e-05 -3e-06 5.62177e-05 0 0 0.707107 -0.707107 
0.88 5.92177e-05 -3e-06 5.62177e-05 0 0 0.728969 -0.684547 
0.885 5.92177e-05 -3e-06 5.62177e-05 0 0 0.750111 -0.661312 
0.89 5.92177e-05 -3e-06 5.62177e-05 0 0 0.770513 -0.637424 
0.895 5.92177e-05 -3e-06 5.62177e-05 0 0 0.790155 -0.612907 
0.9 5.92177e-05 -3e-06 5.62177e-05 0 0 0.809017 -0.587785 
0.905 5.92177e-05 -3e-06 5.62177e-05 0 0 0.827081 -0.562083 
0.91 5.92177e-05 -3e-06 5.62177e-05 0 0 0.844328 -0.535827 
0.915 5.92177e-05 -3e-06 5.62177e-05 0 0 0.860742 -0.509041 
0.92 5.92177e-05 -3e-06 5.62177e-05 0 0 0.876307 -0.481754 
0.925 5.92177e-05 -3e-06 5.62177e-05 0 0 0.891007 -0.45399 
0.93 5.92177e-05 -3e-06 5.62177e-05 0 0 0.904827 -0.425779 
0.935 5.92177e-05 -3e-06 5.62177e-05 0 0 0.917755 -0.397148 
0.94 5.92177e-05 -3e-06 5.62177e-05 0 0 0.929777 -0.368124 
0.945 5.92176e-05 -3e-06 5.62176e-05 0 0 0.940881 -0.338738 
0.95 5.92176e-05 -3e-06 5.62176e-05 0 0 0.951057 -0.309017 
0.955 5.92176e-05 -3e-06 5.62176e-05 0 0 0.960294 -0.278991 
0.96 5.92176e-05 -3e-06 5.62176e-05 0 0 0.968583 -0.24869 
0.965 5.92176e-05 -3e-06 5.62176e-05 0 0 0.975917 -0.218143 
0.97 5.92176e-05 -3e-06 5.62176e-05 0 0 0.982287 -0.187381 
0.975 5.92176e-05 -3e-06 5.62176e-05 0 0 0.987688 -0.156434 
0.98 5.92176e-05 -3e-06 5.62176e-05 0 0 0.992115 -0.125333 
0.985 5.92176e-05 -3e-06 5.62176e-05 0 0 0.995562 -0.0941081 
0.99 5.92176e-05 -3e-06 5.62176e-05 0 0 0.998027 -0.0627904 
0.995 5.92176e-05 -3e-06 5.62176e-05 0 0 0.999507 -0.0314106 
1 5.92176e-05 -3e-06 5.62176e-05 0 0 1 1.65864e-07 
1.005 5.92176e-05 -3e-06 5.62176e-05 0 0 0.999507 0.0314109 
1.01 5.92176e-05 -3e-06 5.62176e-05 0 0 0.998027 0.0627907 
1.015 5.92176e-05 -3e-06 5.62176e-05 0 0 0.995562 0.0941085 
1.02 5.92176e-05 -3e-06 5.62176e-05 0 0 0.992115 0.125333 
1.025 5.92176e-05 -3e-06 5.62176e-05 0 0 0.987688 0.156435 
1.03 5.92176e-05 -3e-06 5.62176e-05 0 0 0.982287 0.187381 
1.035 5.92176e-05 -3e-06 5.62176e-05 0 0 0.975917 0.218143 
1.04 5.92176e-05 -3e-06 5.62176e-05 0 0 0.968583 0.24869 
1.045 5.92176e-05 -3e-06 5.62176e-05 0 0 0.960294 0.278991 
1.05 5.92176e-05 -3e-06 5.62176e-05 0 0 0.951056 0.309017 
1.055 5.92176e-05 -3e-06 5.62176e-05 0 0 0.940881 0.338738 
1.06 5.92177e-05 -3e-06 5.62177e-05 0 0 0.929776 0.368125 
1.065 5.92177e-05 -3e-06 5.62177e-05 0 0 0.917755 0.397148 
1.07 5.92177e-05 -3e-06 5.62177e-05 0 0 0.904827 0.425779 
1.075 5.92177e-05 -3e-06 5.62177e-05 0 0 0.891006 0.453991 
1.08 5.92177e-05 -3e-06 5.62177e-05 0 0 0.876307 0.481754 
1.085 5.92177e-05 -3e-06 5.62177e-05 0 0 0.860742 0.509042 
1.09 5.92177e-05 -3e-06 5.62177e-05 0 0 0.844328 0.535827 
1.095 5.92177e-05 -3e-06 5.62177e-05 0 0 0.82708 0.562084 
1.1 5.92177e-05 -3e-06 5.62177e-05 0 0 0.809017 0.587785 
1.105 5.92177e-05 -3e-06 5.62177e-05 0 0 0.790155 0.612907 
1.11 5.92177e-05 -3e-06 5.62177e-05 0 0 0.770513 0.637424 
1.115 5.92177e-05 -3e-06 5.62177e-05 0 0 0.750111 0.661312 
1.12 5.92177e-05 -3e-06 5.62177e-05 0 0 0.728969 0.684547 
1.125 5.92177e-05 -3e-06 5.62177e-05 0 0 0.707107 0.707107 
1.13 5.92177e-05 -3e-06 5.62177e-05 0 0 0.684547 0.728969 
1.135 5.92177e-05 -3e-06 5.62177e-05 0 0 0.661312 0.750111 
1.14 5.92178e-05 -3e-06 5.62178e-05 0 0 0.637424 0.770513 
1.145 5.92178e-05 -3e-06 5.62178e-05 0 0 0.612907 0.790155 
1.15 5.92178e-05 -3e-06 5.62178e-05 0 0 0.587785 0.809017 
1.155 5.92178e-05 -3e-06 5.62178e-05 0 0 0.562083 0.827081 
1.16 5.92178e-05 -3e-06 5.62178e-05 0 0 0.535827 0.844328 
1.165 5.92178e-05 -3e-06 5.62178e-05 0 0 0.509041 0.860742 
1.17 5.92178e-05 -3e-06 5.62178e-05 0 0 0.481754 0.876307 
1.175 5.92178e-05 -3e-06 5.62178e-05 0 0 0.45399 0.891007 
1.18 5.92178e-05 -3e-06 5.62178e-05 0 0 0.425779 0.904827 
1.185 5.92178e-05 -3e-06 5.62178e-05 0 0 0.397148 0.917755 
1.19 5.92179e-05 -3e-06 5.62179e-05 0 0 0.368124 0.929777 
1.195 5.92179e-05 -3e-06 5.62179e-05 0 0 0.338738 0.940881 
1.2 5.92179e-05 -3e-06 5.62179e-05 0 0 0.309017 0.951057 
1.205 5.92179e-05 -3e-06 5.62179e-05 0 0 0.278991 0.960294 
1.21 5.92179e-05 -3e-06 5.62179e-05 0 0 0.24869 0.968583 
1.215 5.92179e-05 -3e-06 5.62179e-05 0 0 0.218143 0.975917 
1.22 5.92179e-05 -3e-06 5.62179e-05 0 0 0.187381 0.982287 
1.225 5.92179e-05 -3e-06 5.62179e-05 0 0 0.156434 0.987688 
1.23 5.92179e-05 -3e-06 5.62179e-05 0 0 0.125333 0.992115 
1.235 5.9218e-05 -3e-06 5.6218e-05 0 0 0.0941081 0.995562 
1.24 5.9218e-05 -3e-06 5.6218e-05 0 0 0.0627903 0.998027 
1.245 5.9218e-05 -3e-06 5.6218e-05 0 0 0.0314106 0.999507 
1.25 5.9218e-05 -3e-06 5.6218e-05 0 0 -1.83378e-07 1 
1.255 5.9218e-05 -3e-06 5.6218e-05 0 0 -0.0314109 0.999507 
1.26 5.9218e-05 -3e-06 5.6218e-05 0 0 -0.0627907 0.998027 
1.265 5.9218e-05 -3e-06 5.6218e-05 0 0 -0.0941085 0.995562 
1.27 5.9218e-05 -3e-06 5.6218e-05 0 0 -0.125333 0.992115 
1.275 5.9218e-05 -3e-06 5.6218e-05 0 0 -0.156435 0.987688 
1.28 5.92181e-05 -3e-06 5.62181e-05 0 0 -0.187381 0.982287 
1.285 5.92181e-05 -3e-06 5.62181e-05 0 0 -0.218143 0.975917 
1.29 5.92181e-05 -3e-06 5.62181e-05 0 0 -0.24869 0.968583 
1.295 5.92181e-05 -3e-06 5.62181e-05 0 0 -0.278991 0.960294 
1.3 5.92181e-05 -3e-06 5.62181e-05 0 0 -0.309017 0.951056 
1.305 5.92181e-05 -3e-06 5.62181e-05 0 0 -0.338738 0.940881 
1.31 5.92181e-05 -3e-06 5.62181e-05 0 0 -0.368125 0.929776 
1.315 5.92181e-05 -3e-06 5.62181e-05 0 0 -0.397148 0.917755 
1.32 5.92181e-05 -3e-06 5.62181e-05 0 0 -0.425779 0.904827 
1.325 5.92181e-05 -3e-06 5.62181e-05 0 0 -0.453991 0.891006 
1.33 5.92182e-05 -3e-06 5.62182e-05 0 0 -0.481754 0.876307 
1.335 5.92182e-05 -3e-06 5.62182e-05 0 0 -0.509042 0.860742 
1.34 5.92182e-05 -3e-06 5.62182e-05 0 0 -0.535827 0.844328 
1.345 5.92182e-05 -3e-06 5.62182e-05 0 0 -0.562084 0.82708 
1.35 5.92182e-05 -3e-06 5.62182e-05 0 0 -0.587785 0.809017 
1.355 5.92182e-05 -3e-06 5.62182e-05 0 0 -0.612907 0.790155 
1.36 5.92182e-05 -3e-06 5.62182e-05 0 0 -0.637424 0.770513 
1.365 5.92182e-05 -3e-06 5.62182e-05 0 0 -0.661312 0.750111 
1.37 5.92182e-05 -3e-06 5.62182e-05 0 0 -0.684547 0.728968 
1.375 5.92182e-05 -3e-06 5.62182e-05 0 0 -0.707107 0.707107 
1.38 5.92182e-05 -3e-06 5.62182e-05 0 0 -0.728969 0.684547 
1.385 5.92183e-05 -3e-06 5.62183e-05 0 0 -0.750111 0.661312 
1.39 5.92183e-05 -3e-06 5.62183e-05 0 0 -0.770513 0.637424 
1.395 5.92183e-05 -3e-06 5.62183e-05 0 0 -0.790155 0.612907 
1.4 5.92183e-05 -3e-06 5.62183e-05 0 0 -0.809017 0.587785 
1.405 5.92183e-05 -3e-06 5.62183e-05 0 0 -0.827081 0.562083 
1.41 5.92183e-05 -3e-06 5.62183e-05 0 0 -0.844328 0.535827 
1.415 5.92183e-05 -3e-06 5.62183e-05 0 0 -0.860742 0.509041 
1.42 5.92183e-05 -3e-06 5.62183e-05 0 0 -0.876307 0.481753 
1.425 5.92183e-05 -3e-06 5.62183e-05 0 0 -0.891007 0.45399 
1.43 5.92183e-05 -3e-06 5.62183e-05 0 0 -0.904827 0.425779 
1.435 5.92183e-05 -3e-06 5.62183e-05 0 0 -0.917755 0.397148 
1.44 5.92183e-05 -3e-06 5.62183e-05 0 0 -0.929777 0.368124 
1.445 5.92183e-05 -3e-06 5.62183e-05 0 0 -0.940881 0.338738 
1.45 5.92183e-05 -3e-06 5.62183e-05 0 0 -0.951057 0.309017 
1.455 5.92183e-05 -3e-06 5.62183e-05 0 0 -0.960294 0.278991 
1.46 5.92183e-05 -3e-06 5.62183e-05 0 0 -0.968583 0.24869 
1.465 5.92183e-05 -3e-06 5.62183e-05 0 0 -0.975917 0.218143 
1.47 5.92183e-05 -3e-06 5.62183e-05 0 0 -0.982287 0.187381 
1.475 5.92183e-05 -3e-06 5.62183e-05 0 0 -0.987688 0.156434 
1.48 5.92183e-05 -3e-06 5.62183e-05 0 0 -0.992115 0.125333 
1.485 5.92183e-05 -3e-06 5.62183e-05 0 0 -0.995562 0.0941081 
1.49 5.92183e-05 -3e-06 5.62183e-05 0 0 -0.998027 0.0627903 
1.495 5.92183e-05 -3e-06 5.62183e-05 0 0 -0.999507 0.0314105 
1.5 5.92183e-05 -3e-06 5.62183e-05 0 0 -1 -2.65125e-07 
1.505 5.92183e-05 -3e-06 5.62183e-05 0 0 -0.999507 -0.031411 
1.51 5.92183e-05 -3e-06 5.62183e-05 0 0 -0.998027 -0.0627908 
1.515 5.92183e-05 -3e-06 5.62183e-05 0 0 -0.995562 -0.0941086 
1.52 5.92183e-05 -3e-06 5.62183e-05 0 0 -0.992115 -0.125333 
1.525 5.92183e-05 -3e-06 5.62183e-05 0 0 -0.987688 -0.156435 
1.53 5.92183e-05 -3e-06 5.62183e-05 0 0 -0.982287 -0.187382 
1.535 5.92183e-05 -3e-06 5.62183e-05 0 0 -0.975917 -0.218144 
1.54 5.92183e-05 -3e-06 5.62183e-05 0 0 -0.968583 -0.24869 
1.545 5.92183e-05 -3e-06 5.62183e-05 0 0 -0.960294 -0.278991 
1.55 5.92183e-05 -3e-06 5.62183e-05 0 0 -0.951056 -0.309017 
1.555 5.92183e-05 -3e-06 5.62183e-05 0 0 -0.940881 -0.338738 
1.56 5.92183e-05 -3e-06 5.62183e-05 0 0 -0.929776 -0.368125 
1.565 5.92183e-05 -3e-06 5.62183e-05 0 0 -0.917754 -0.397148 
1.57 5.92183e-05 -3e-06 5.62183e-05 0 0 -0.904827 -0.42578 
1.575 5.92183e-05 -3e-06 5.62183e-05 0 0 -0.891006 -0.453991 
1.58 5.92183e-05 -3e-06 5.62183e-05 0 0 -0.876307 -0.481754 
1.585 5.92183e-05 -3e-06 5.62183e-05 0 0 -0.860742 -0.509042 
1.59 5.92183e-05 -3e-06 5.62183e-05 0 0 -0.844328 -0.535827 
1.595 5.92183e-05 -3e-06 5.62183e-05 0 0 -0.82708 -0.562084 
1.6 5.92183e-05 -3e-06 5.62183e-05 0 0 -0.809017 -0.587785 
1.605 5.92183e-05 -3e-06 5.62183e-05 0 0 -0.790155 -0.612907 
1.61 5.92183e-05 -3e-06 5.62183e-05 0 0 -0.770513 -0.637424 
1.615 5.92183e-05 -3e-06 5.62183e-05 0 0 -0.750111 -0.661312 
1.62 5.92182e-05 -3e-06 5.62182e-05 0 0 -0.728968 -0.684547 
1.625 5.92182e-05 -3e-06 5.62182e-05 0 0 -0.707107 -0.707107 
1.63 5.92182e-05 -3e-06 5.62182e-05 0 0 -0.684547 -0.728969 
1.635 5.92182e-05 -3e-06 5.62182e-05 0 0 -0.661312 -0.750111 
1.64 5.92182e-05 -3e-06 5.62182e-05 0 0 -0.637424 -0.770513 
1.645 5.92182e-05 -3e-06 5.62182e-05 0 0 -0.612907 -0.790155 
1.65 5.92182e-05 -3e-06 5.62182e-05 0 0 -0.587785 -0.809017 
1.655 5.92182e-05 -3e-06 5.62182e-05 0 0 -0.562083 -0.827081 
1.66 5.92182e-05 -3e-06 5.62182e-05 0 0 -0.535827 -0.844328 
1.665 5.92182e-05 -3e-06 5.62182e-05 0 0 -0.509041 -0.860742 
1.67 5.92182e-05 -3e-06 5.62182e-05 0 0 -0.481753 -0.876307 
1.675 5.92181e-05 -3e-06 5.62181e-05 0 0 -0.45399 -0.891007 
1.68 5.92181e-05 -3e-06 5.62181e-05 0 0 -0.425779 -0.904827 
1.685 5.92181e-05 -3e-06 5.62181e-05 0 0 -0.397148 -0.917755 
1.69 5.92181e-05 -3e-06 5.62181e-05 0 0 -0.368124 -0.929777 
1.695 5.92181e-05 -3e-06 5.62181e-05 0 0 -0.338738 -0.940881 
1.7 5.92181e-05 -3e-06 5.62181e-05 0 0 -0.309017 -0.951057 
1.705 5.92181e-05 -3e-06 5.62181e-05 0 0 -0.278991 -0.960294 
1.71 5.92181e-05 -3e-06 5.62181e-05 0 0 -0.24869 -0.968583 
1.715 5.92181e-05 -3e-06 5.62181e-05 0 0 -0.218143 -0.975917 
1.72 5.92181e-05 -3e-06 5.62181e-05 0 0 -0.187381 -0.982287 
1.725 5.9218e-05 -3e-06 5.6218e-05 0 0 -0.156434 -0.987688 
1.73 5.9218e-05 -3e-06 5.6218e-05 0 0 -0.125333 -0.992115 
1.735 5.9218e-05 -3e-06 5.6218e-05 0 0 -0.094108 -0.995562 
1.74 5.9218e-05 -3e-06 5.6218e-05 0 0 -0.0627902 -0.998027 
1.745 5.9218e-05 -3e-06 5.6218e-05 0 0 -0.0314104 -0.999507 
1.75 5.9218e-05 -3e-06 5.6218e-05 0 0 3.52571e-07 -1 
1.755 5.9218e-05 -3e-06 5.6218e-05 0 0 0.0314111 -0.999507 
1.76 5.9218e-05 -3e-06 5.6218e-05 0 0 0.0627909 -0.998027 
1.765 5.9218e-05 -3e-06 5.6218e-05 0 0 0.0941087 -0.995562 
1.77 5.92179e-05 -3e-06 5.62179e-05 0 0 0.125334 -0.992115 
1.775 5.92179e-05 -3e-06 5.62179e-05 0 0 0.156435 -0.987688 
1.78 5.92179e-05 -3e-06 5.62179e-05 0 0 0.187382 -0.982287 
1.785 5.92179e-05 -3e-06 5.62179e-05 0 0 0.218144 -0.975917 
1.79 5.92179e-05 -3e-06 5.62179e-05 0 0 0.24869 -0.968583 
1.795 5.92179e-05 -3e-06 5.62179e-05 0 0 0.278991 -0.960294 
1.8 5.92179e-05 -3e-06 5.62179e-05 0 0 0.309017 -0.951056 
1.805 5.92179e-05 -3e-06 5.62179e-05 0 0 0.338738 -0.940881 
1.81 5.92179e-05 -3e-06 5.62179e-05 0 0 0.368125 -0.929776 
1.815 5.92178e-05 -3e-06 5.62178e-05 0 0 0.397148 -0.917754 
1.82 5.92178e-05 -3e-06 5.62178e-05 0 0 0.42578 -0.904827 
1.825 5.92178e-05 -3e-06 5.62178e-05 0 0 0.453991 -0.891006 
1.83 5.92178e-05 -3e-06 5.62178e-05 0 0 0.481754 -0.876306 
1.835 5.92178e-05 -3e-06 5.62178e-05 0 0 0.509042 -0.860742 
1.84 5.92178e-05 -3e-06 5.62178e-05 0 0 0.535827 -0.844328 
1.845 5.92178e-05 -3e-06 5.62178e-05 0 0 0.562084 -0.82708 
1.85 5.92178e-05 -3e-06 5.62178e-05 0 0 0.587786 -0.809017 
1.855 5.92178e-05 -3e-06 5.62178e-05 0 0 0.612907 -0.790155 
1.86 5.92178e-05 -3e-06 5.62178e-05 0 0 0.637424 -0.770513 
1.865 5.92177e-05 -3e-06 5.62177e-05 0 0 0.661312 -0.750111 
1.87 5.92177e-05 -3e-06 5.62177e-05 0 0 0.684547 -0.728968 
1.875 5.92177e-05 -3e-06 5.62177e-05 0 0 0.707107 -0.707107 
1.88 5.92177e-05 -3e-06 5.62177e-05 0 0 0.728969 -0.684547 
1.885 5.92177e-05 -3e-06 5.62177e-05 0 0 0.750111 -0.661312 
1.89 5.92177e-05 -3e-06 5.62177e-05 0 0 0.770513 -0.637424 
1.895 5.92177e-05 -3e-06 5.62177e-05 0 0 0.790155 -0.612907 
1.9 5.92177e-05 -3e-06 5.62177e-05 0 0 0.809017 -0.587785 
1.905 5.92177e-05 -3e-06 5.62177e-05 0 0 0.827081 -0.562083 
1.91 5.92177e-05 -3e-06 5.62177e-05 0 0 0.844328 -0.535826 
1.915 5.92177e-05 -3e-06 5.62177e-05 0 0 0.860742 -0.509041 
1.92 5.92177e-05 -3e-06 5.62177e-05 0 0 0.876307 -0.481753 
1.925 5.92177e-05 -3e-06 5.62177e-05 0 0 0.891007 -0.45399 
1.93 5.92177e-05 -3e-06 5.62177e-05 0 0 0.904827 -0.425779 
1.935 5.92177e-05 -3e-06 5.62177e-05 0 0 0.917755 -0.397148 
1.94 5.92177e-05 -3e-06 5.62177e-05 0 0 0.929777 -0.368124 
1.945 5.92176e-05 -3e-06 5.62176e-05 0 0 0.940881 -0.338738 
1.95 5.92176e-05 -3e-06 5.62176e-05 0 0 0.951057 -0.309017 
1.955 5.92176e-05 -3e-06 5.62176e-05 0 0 0.960294 -0.278991 
1.96 5.92176e-05 -3e-06 5.62176e-05 0 0 0.968583 -0.24869 
1.965 5.92176e-05 -3e-06 5.62176e-05 0 0 0.975917 -0.218143 
1.97 5.92176e-05 -3e-06 5.62176e-05 0 0 0.982287 -0.187381 
1.975 5.92176e-05 -3e-06 5.62176e-05 0 0 0.987688 -0.156434 
1.98 5.92176e-05 -3e-06 5.62176e-05 0 0 0.992115 -0.125333 
1.985 5.92176e-05 -3e-06 5.62176e-05 0 0 0.995562 -0.0941079 
1.99 5.92176e-05 -3e-06 5.62176e-05 0 0 0.998027 -0.0627901 
1.995 5.92176e-05 -3e-06 5.62176e-05 0 0 0.999507 -0.0314104 
2 5.92176e-05 -3e-06 5.62176e-05 0 0 1 3.82076e-07 
2.005 5.92176e-05 -3e-06 5.62176e-05 0 0 0.999507 0.0314111 
2.01 5.92176e-05 -3e-06 5.62176e-05 0 0 0.998027 0.0627909 
2.015 5.92176e-05 -3e-06 5.62176e-05 0 0 0.995562 0.0941087 
2.02 5.92176e-05 -3e-06 5.62176e-05 0 0 0.992115 0.125334 
2.025 5.92176e-05 -3e-06 5.62176e-05 0 0 0.987688 0.156435 
2.03 5.92176e-05 -3e-06 5.62176e-05 0 0 0.982287 0.187382 
2.035 5.92176e-05 -3e-06 5.62176e-05 0 0 0.975917 0.218144 
2.04 5.92176e-05 -3e-06 5.62176e-05 0 0 0.968583 0.24869 
2.045 5.92176e-05 -3e-06 5.62176e-05 0 0 0.960294 0.278991 
2.05 5.92176e-05 -3e-06 5.62176e-05 0 0 0.951056 0.309017 
2.055 5.92176e-05 -3e-06 5.62176e-05 0 0 0.940881 0.338738 
2.06 5.92177e-05 -3e-06 5.62177e-05 0 0 0.929776 0.368125 
2.065 5.92177e-05 -3e-06 5.62177e-05 0 0 0.917754 0.397148 
2.07 5.92177e-05 -3e-06 5.62177e-05 0 0 0.904827 0.42578 
2.075 5.92177e-05 -3e-06 5.62177e-05 0 0 0.891006 0.453991 
2.08 5.92177e-05 -3e-06 5.62177e-05 0 0 0.876306 0.481754 
2.085 5.92177e-05 -3e-06 5.62177e-05 0 0 0.860742 0.509042 
2.09 5.92177e-05 -3e-06 5.62177e-05 0 0 0.844328 0.535827 
2.095 5.92177e-05 -3e-06 5.62177e-05 0 0 0.82708 0.562084 
2.1 5.92177e-05 -3e-06 5.62177e-05 0 0 0.809017 0.587786 
2.105 5.92177e-05 -3e-06 5.62177e-05 0 0 0.790155 0.612907 
2.11 5.92177e-05 -3e-06 5.62177e-05 0 0 0.770513 0.637424 
2.115 5.92177e-05 -3e-06 5.62177e-05 0 0 0.750111 0.661312 
2.12 5.92177e-05 -3e-06 5.62177e-05 0 0 0.728968 0.684547 
2.125 5.92177e-05 -3e-06 5.62177e-05 0 0 0.707106 0.707107 
2.13 5.92177e-05 -3e-06 5.62177e-05 0 0 0.684547 0.728969 
2.135 5.92177e-05 -3e-06 5.62177e-05 0 0 0.661312 0.750111 
2.14 5.92178e-05 -3e-06 5.62178e-05 0 0 0.637424 0.770513 
2.145 5.92178e-05 -3e-06 5.62178e-05 0 0 0.612907 0.790155 
2.15 5.92178e-05 -3e-06 5.62178e-05 0 0 0.587785 0.809017 
2.155 5.92178e-05 -3e-06 5.62178e-05 0 0 0.562083 0.827081 
2.16 5.92178e-05 -3e-06 5.62178e-05 0 0 0.535826 0.844328 
2.165 5.92178e-05 -3e-06 5.62178e-05 0 0 0.509041 0.860742 
2.17 5.92178e-05 -3e-06 5.62178e-05 0 0 0.481753 0.876307 
2.175 5.92178e-05 -3e-06 5.62178e-05 0 0 0.45399 0.891007 
2.18 5.92178e-05 -3e-06 5.62178e-05 0 0 0.425779 0.904827 
2.185 5.92178e-05 -3e-06 5.62178e-05 0 0 0.397148 0.917755 
2.19 5.92179e-05 -3e-06 5.62179e-05 0 0 0.368124 0.929777 
2.195 5.92179e-05 -3e-06 5.62179e-05 0 0 0.338738 0.940881 
2.2 5.92179e-05 -3e-06 5.62179e-05 0 0 0.309017 0.951057 
2.205 5.92179e-05 -3e-06 5.62179e-05 0 0 0.278991 0.960294 
2.21 5.92179e-05 -3e-06 5.62179e-05 0 0 0.248689 0.968583 
2.215 5.92179e-05 -3e-06 5.62179e-05 0 0 0.218143 0.975917 
2.22 5.92179e-05 -3e-06 5.62179e-05 0 0 0.187381 0.982287 
2.225 5.92179e-05 -3e-06 5.62179e-05 0 0 0.156434 0.987688 
2.23 5.92179e-05 -3e-06 5.62179e-05 0 0 0.125333 0.992115 
2.235 5.9218e-05 -3e-06 5.6218e-05 0 0 0.0941079 0.995562 
2.24 5.9218e-05 -3e-06 5.6218e-05 0 0 0.0627901 0.998027 
2.245 5.9218e-05 -3e-06 5.6218e-05 0 0 0.0314103 0.999507 
2.25 5.9218e-05 -3e-06 5.6218e-05 0 0 -4.12177e-07 1 
2.255 5.9218e-05 -3e-06 5.6218e-05 0 0 -0.0314112 0.999507 
2.26 5.9218e-05 -3e-06 5.6218e-05 0 0 -0.0627909 0.998027 
2.265 5.9218e-05 -3e-06 5.6218e-05 0 0 -0.0941087 0.995562 
2.27 5.9218e-05 -3e-06 5.6218e-05 0 0 -0.125334 0.992115 
2.275 5.9218e-05 -3e-06 5.6218e-05 0 0 -0.156435 0.987688 
2.28 5.92181e-05 -3e-06 5.62181e-05 0 0 -0.187382 0.982287 
2.285 5.92181e-05 -3e-06 5.62181e-05 0 0 -0.218144 0.975917 
2.29 5.92181e-05 -3e-06 5.62181e-05 0 0 -0.24869 0.968583 
2.295 5.92181e-05 -3e-06 5.62181e-05 0 0 -0.278992 0.960294 
2.3 5.92181e-05 -3e-06 5.62181e-05 0 0 -0.309017 0.951056 
2.305 5.92181e-05 -3e-06 5.62181e-05 0 0 -0.338738 0.940881 
2.31 5.92181e-05 -3e-06 5.62181e-05 0 0 -0.368125 0.929776 
2.315 5.92181e-05 -3e-06 5.62181e-05 0 0 -0.397148 0.917754 
2.32 5.92181e-05 -3e-06 5.62181e-05 0 0 -0.42578 0.904827 
2.325 5.92181e-05 -3e-06 5.62181e-05 0 0 -0.453991 0.891006 
2.33 5.92182e-05 -3e-06 5.62182e-05 0 0 -0.481754 0.876306 
2.335 5.92182e-05 -3e-06 5.62182e-05 0 0 -0.509042 0.860742 
2.34 5.92182e-05 -3e-06 5.62182e-05 0 0 -0.535827 0.844328 
2.345 5.92182e-05 -3e-06 5.62182e-05 0 0 -0.562084 0.82708 
2.35 5.92182e-05 -3e-06 5.62182e-05 0 0 -0.587786 0.809017 
2.355 5.92182e-05 -3e-06 5.62182e-05 0 0 -0.612907 0.790155 
2.36 5.92182e-05 -3e-06 5.62182e-05 0 0 -0.637424 0.770513 
2.365 5.92182e-05 -3e-06 5.62182e-05 0 0 -0.661312 0.750111 
2.37 5.92182e-05 -3e-06 5.62182e-05 0 0 -0.684547 0.728968 
2.375 5.92182e-05 -3e-06 5.62182e-05 0 0 -0.707107 0.707106 
2.38 5.92182e-05 -3e-06 5.62182e-05 0 0 -0.728969 0.684547 
2.385 5.92183e-05 -3e-06 5.62183e-05 0 0 -0.750111 0.661311 
2.39 5.92183e-05 -3e-06 5.62183e-05 0 0 -0.770514 0.637424 
2.395 5.92183e-05 -3e-06 5.62183e-05 0 0 -0.790155 0.612907 
2.4 5.92183e-05 -3e-06 5.62183e-05 0 0 -0.809017 0.587785 
2.405 5.92183e-05 -3e-06 5.62183e-05 0 0 -0.827081 0.562083 
2.41 5.92183e-05 -3e-06 5.62183e-05 0 0 -0.844328 0.535826 
2.415 5.92183e-05 -3e-06 5.62183e-05 0 0 -0.860742 0.509041 
2.42 5.92183e-05 -3e-06 5.62183e-05 0 0 -0.876307 0.481753 
2.425 5.92183e-05 -3e-06 5.62183e-05 0 0 -0.891007 0.45399 
2.43 5.92183e-05 -3e-06 5.62183e-05 0 0 -0.904827 0.425779 
2.435 5.92183e-05 -3e-06 5.62183e-05 0 0 -0.917755 0.397147 
2.44 5.92183e-05 -3e-06 5.62183e-05 0 0 -0.929777 0.368124 
2.445 5.92183e-05 -3e-06 5.62183e-05 0 0 -0.940881 0.338737 
2.45 5.92183e-05 -3e-06 5.62183e-05 0 0 -0.951057 0.309017 
2.455 5.92183e-05 -3e-06 5.62183e-05 0 0 -0.960294 0.278991 
2.46 5.92183e-05 -3e-06 5.62183e-05 0 0 -0.968583 0.248689 
2.465 5.92183e-05 -3e-06 5.62183e-05 0 0 -0.975917 0.218143 
2.47 5.92183e-05 -3e-06 5.62183e-05 0 0 -0.982287 0.187381 
2.475 5.92183e-05 -3e-06 5.62183e-05 0 0 -0.987688 0.156434 
2.48 5.92183e-05 -3e-06 5.62183e-05 0 0 -0.992115 0.125333 
2.485 5.92183e-05 -3e-06 5.62183e-05 0 0 -0.995562 0.0941078 
2.49 5.92183e-05 -3e-06 5.62183e-05 0 0 -0.998027 0.06279 
2.495 5.92183e-05 -3e-06 5.62183e-05 0 0 -0.999507 0.0314103 
2.5 5.92183e-05 -3e-06 5.62183e-05 0 0 -1 -5.06512e-07 
2.505 5.92183e-05 -3e-06 5.62183e-05 0 0 -0.999507 -0.0314113 
2.51 5.92183e-05 -3e-06 5.62183e-05 0 0 -0.998027 -0.062791 
2.515 5.92183e-05 -3e-06 5.62183e-05 0 0 -0.995562 -0.0941088 
2.52 5.92183e-05 -3e-06 5.62183e-05 0 0 -0.992115 -0.125334 
2.525 5.92183e-05 -3e-06 5.62183e-05 0 0 -0.987688 -0.156435 
2.53 5.92183e-05 -3e-06 5.62183e-05 0 0 -0.982287 -0.187382 
2.535 5.92183e-05 -3e-06 5.62183e-05 0 0 -0.975917 -0.218144 
2.54 5.92183e-05 -3e-06 5.62183e-05 0 0 -0.968583 -0.24869 
2.545 5.92183e-05 -3e-06 5.62183e-05 0 0 -0.960293 -0.278992 
2.55 5.92183e-05 -3e-06 5.62183e-05 0 0 -0.951056 -0.309017 
2.555 5.92183e-05 -3e-06 5.62183e-05 0 0 -0.940881 -0.338738 
2.56 5.92183e-05 -3e-06 5.62183e-05 0 0 -0.929776 -0.368125 
2.565 5.92183e-05 -3e-06 5.62183e-05 0 0 -0.917754 -0.397148 
2.57 5.92183e-05 -3e-06 5.62183e-05 0 0 -0.904827 -0.42578 
2.575 5.92183e-05 -3e-06 5.62183e-05 0 0 -0.891006 -0.453991 
2.58 5.92183e-05 -3e-06 5.62183e-05 0 0 -0.876306 -0.481754 
2.585 5.92183e-05 -3e-06 5.62183e-05 0 0 -0.860742 -0.509042 
2.59 5.92183e-05 -3e-06 5.62183e-05 0 0 -0.844328 -0.535827 
2.595 5.92183e-05 -3e-06 5.62183e-05 0 0 -0.82708 -0.562084 
2.6 5.92183e-05 -3e-06 5.62183e-05 0 0 -0.809017 -0.587786 
2.605 5.92183e-05 -3e-06 5.62183e-05 0 0 -0.790155 -0.612907 
2.61 5.92183e-05 -3e-06 5.62183e-05 0 0 -0.770513 -0.637424 
2.615 5.92183e-05 -3e-06 5.62183e-05 0 0 -0.750111 -0.661312 
2.62 5.92182e-05 -3e-06 5.62182e-05 0 0 -0.728968 -0.684547 
2.625 5.92182e-05 -3e-06 5.62182e-05 0 0 -0.707106 -0.707107 
2.63 5.92182e-05 -3e-06 5.62182e-05 0 0 -0.684547 -0.728969 
2.635 5.92182e-05 -3e-06 5.62182e-05 0 0 -0.661311 -0.750111 
2.64 5.92182e-05 -3e-06 5.62182e-05 0 0 -0.637424 -0.770514 
2.645 5.92182e-05 -3e-06 5.62182e-05 0 0 -0.612907 -0.790155 
2.65 5.92182e-05 -3e-06 5.62182e-05 0 0 -0.587785 -0.809017 
2.655 5.92182e-05 -3e-06 5.62182e-05 0 0 -0.562083 -0.827081 
2.66 5.92182e-05 -3e-06 5.62182e-05 0 0 -0.535826 -0.844328 
2.665 5.92182e-05 -3e-06 5.62182e-05 0 0 -0.509041 -0.860742 
2.67 5.92182e-05 -3e-06 5.62182e-05 0 0 -0.481753 -0.876307 
2.675 5.92181e-05 -3e-06 5.62181e-05 0 0 -0.45399 -0.891007 
2.68 5.92181e-05 -3e-06 5.62181e-05 0 0 -0.425779 -0.904827 
2.685 5.92181e-05 -3e-06 5.62181e-05 0 0 -0.397147 -0.917755 
2.69 5.92181e-05 -3e-06 5.62181e-05 0 0 -0.368124 -0.929777 
2.695 5.92181e-05 -3e-06 5.62181e-05 0 0 -0.338737 -0.940881 
2.7 5.92181e-05 -3e-06 5.62181e-05 0 0 -0.309016 -0.951057 
2.705 5.92181e-05 -3e-06 5.62181e-05 0 0 -0.278991 -0.960294 
2.71 5.92181e-05 -3e-06 5.62181e-05 0 0 -0.248689 -0.968583 
2.715 5.92181e-05 -3e-06 5.62181e-05 0 0 -0.218143 -0.975917 
2.72 5.92181e-05 -3e-06 5.62181e-05 0 0 -0.187381 -0.982287 
2.725 5.9218e-05 -3e-06 5.6218e-05 0 0 -0.156434 -0.987688 
2.73 5.9218e-05 -3e-06 5.6218e-05 0 0 -0.125333 -0.992115 
2.735 5.9218e-05 -3e-06 5.6218e-05 0 0 -0.0941077 -0.995562 
2.74 5.9218e-05 -3e-06 5.6218e-05 0 0 -0.0627899 -0.998027 
2.745 5.9218e-05 -3e-06 5.6218e-05 0 0 -0.0314102 -0.999507 
2.75 5.9218e-05 -3e-06 5.6218e-05 0 0 6.06545e-07 -1 
2.755 5.9218e-05 -3e-06 5.6218e-05 0 0 0.0314114 -0.999507 
2.76 5.9218e-05 -3e-06 5.6218e-05 0 0 0.0627911 -0.998027 
2.765 5.9218e-05 -3e-06 5.6218e-05 0 0 0.0941089 -0.995562 
2.77 5.92179e-05 -3e-06 5.62179e-05 0 0 0.125334 -0.992115 
2.775 5.92179e-05 -3e-06 5.62179e-05 0 0 0.156435 -0.987688 
2.78 5.92179e-05 -3e-06 5.62179e-05 0 0 0.187382 -0.982287 
2.785 5.92179e-05 -3e-06 5.62179e-05 0 0 0.218144 -0.975917 
2.79 5.92179e-05 -3e-06 5.62179e-05 0 0 0.24869 -0.968583 
2.795 5.92179e-05 -3e-06 5.62179e-05 0 0 0.278992 -0.960293 
2.8 5.92179e-05 -3e-06 5.62179e-05 0 0 0.309018 -0.951056 
2.805 5.92179e-05 -3e-06 5.62179e-05 0 0 0.338738 -0.940881 
2.81 5.92179e-05 -3e-06 5.62179e-05 0 0 0.368125 -0.929776 
2.815 5.92178e-05 -3e-06 5.62178e-05 0 0 0.397148 -0.917754 
2.82 5.92178e-05 -3e-06 5.62178e-05 0 0 0.42578 -0.904827 
2.825 5.92178e-05 -3e-06 5.62178e-05 0 0 0.453991 -0.891006 
2.83 5.92178e-05 -3e-06 5.62178e-05 0 0 0.481754 -0.876306 
2.835 5.92178e-05 -3e-06 5.62178e-05 0 0 0.509042 -0.860742 
2.84 5.92178e-05 -3e-06 5.62178e-05 0 0 0.535827 -0.844328 
2.845 5.92178e-05 -3e-06 5.62178e-05 0 0 0.562084 -0.82708 
2.85 5.92178e-05 -3e-06 5.62178e-05 0 0 0.587786 -0.809017 
2.855 5.92178e-05 -3e-06 5.62178e-05 0 0 0.612908 -0.790155 
2.86 5.92178e-05 -3e-06 5.62178e-05 0 0 0.637424 -0.770513 
2.865 5.92177e-05 -3e-06 5.62177e-05 0 0 0.661312 -0.750111 
2.87 5.92177e-05 -3e-06 5.62177e-05 0 0 0.684548 -0.728968 
2.875 5.92177e-05 -3e-06 5.62177e-05 0 0 0.707107 -0.707106 
2.88 5.92177e-05 -3e-06 5.62177e-05 0 0 0.728969 -0.684547 
2.885 5.92177e-05 -3e-06 5.62177e-05 0 0 0.750111 -0.661311 
2.89 5.92177e-05 -3e-06 5.62177e-05 0 0 0.770514 -0.637423 
2.895 5.92177e-05 -3e-06 5.62177e-05 0 0 0.790155 -0.612907 
2.9 5.92177e-05 -3e-06 5.62177e-05 0 0 0.809017 -0.587785 
2.905 5.92177e-05 -3e-06 5.62177e-05 0 0 0.827081 -0.562083 
2.91 5.92177e-05 -3e-06 5.62177e-05 0 0 0.844328 -0.535826 
2.915 5.92177e-05 -3e-06 5.62177e-05 0 0 0.860742 -0.509041 
2.92 5.92177e-05 -3e-06 5.62177e-05 0 0 0.876307 -0.481753 
2.925 5.92177e-05 -3e-06 5.62177e-05 0 0 0.891007 -0.45399 
2.93 5.92177e-05 -3e-06 5.62177e-05 0 0 0.904827 -0.425779 
2.935 5.92177e-05 -3e-06 5.62177e-05 0 0 0.917755 -0.397147 
2.94 5.92177e-05 -3e-06 5.62177e-05 0 0 0.929777 -0.368124 
2.945 5.92176e-05 -3e-06 5.62176e-05 0 0 0.940881 -0.338737 
2.95 5.92176e-05 -3e-06 5.62176e-05 0 0 0.951057 -0.309016 
2.955 5.92176e-05 -3e-06 5.62176e-05 0 0 0.960294 -0.27899 
2.96 5.92176e-05 -3e-06 5.62176e-05 0 0 0.968583 -0.248689 
2.965 5.92176e-05 -3e-06 5.62176e-05 0 0 0.975917 -0.218143 
2.97 5.92176e-05 -3e-06 5.62176e-05 0 0 0.982287 -0.187381 
2.975 5.92176e-05 -3e-06 5.62176e-05 0 0 0.987688 -0.156434 
2.98 5.92176e-05 -3e-06 5.62176e-05 0 0 0.992115 -0.125333 
2.985 5.92176e-05 -3e-06 5.62176e-05 0 0 0.995562 -0.0941077 
2.99 5.92176e-05 -3e-06 5.62176e-05 0 0 0.998027 -0.0627899 
2.995 5.92176e-05 -3e-06 5.62176e-05 0 0 0.999507 -0.0314101 
3 5.92176e-05 -3e-06 5.62176e-05 0 0 1 6.48637e-07 
3.005 5.92176e-05 -3e-06 5.62176e-05 0 0 0.999507 0.0314114 
3.01 5.92176e-05 -3e-06 5.62176e-05 0 0 0.998027 0.0627912 
3.015 5.92176e-05 -3e-06 5.62176e-05 0 0 0.995562 0.094109 
3.02 5.92176e-05 -3e-06 5.62176e-05 0 0 0.992115 0.125334 
3.025 5.92176e-05 -3e-06 5.62176e-05 0 0 0.987688 0.156435 
3.03 5.92176e-05 -3e-06 5.62176e-05 0 0 0.982287 0.187382 
3.035 5.92176e-05 -3e-06 5.62176e-05 0 0 0.975917 0.218144 
3.04 5.92176e-05 -3e-06 5.62176e-05 0 0 0.968583 0.248691 
3.045 5.92176e-05 -3e-06 5.62176e-05 0 0 0.960293 0.278992 
3.05 5.92176e-05 -3e-06 5.62176e-05 0 0 0.951056 0.309018 
3.055 5.92176e-05 -3e-06 5.62176e-05 0 0 0.940881 0.338739 
3.06 5.92177e-05 -3e-06 5.62177e-05 0 0 0.929776 0.368125 
3.065 5.92177e-05 -3e-06 5.62177e-05 0 0 0.917754 0.397148 
3.07 5.92177e-05 -3e-06 5.62177e-05 0 0 0.904827 0.42578 
3.075 5.92177e-05 -3e-06 5.62177e-05 0 0 0.891006 0.453991 
3.08 5.92177e-05 -3e-06 5.62177e-05 0 0 0.876306 0.481754 
3.085 5.92177e-05 -3e-06 5.62177e-05 0 0 0.860742 0.509042 
3.09 5.92177e-05 -3e-06 5.62177e-05 0 0 0.844328 0.535827 
3.095 5.92177e-05 -3e-06 5.62177e-05 0 0 0.82708 0.562084 
3.1 5.92177e-05 -3e-06 5.62177e-05 0 0 0.809017 0.587786 
3.105 5.92177e-05 -3e-06 5.62177e-05 0 0 0.790155 0.612908 
3.11 5.92177e-05 -3e-06 5.62177e-05 0 0 0.770513 0.637424 
3.115 5.92177e-05 -3e-06 5.62177e-05 0 0 0.750111 0.661312 
3.12 5.92177e-05 -3e-06 5.62177e-05 0 0 0.728968 0.684548 
3.125 5.92177e-05 -3e-06 5.62177e-05 0 0 0.707106 0.707107 
3.13 5.92177e-05 -3e-06 5.62177e-05 0 0 0.684547 0.728969 
3.135 5.92177e-05 -3e-06 5.62177e-05 0 0 0.661311 0.750111 
3.14 5.92178e-05 -3e-06 5.62178e-05 0 0 0.637423 0.770514 
3.145 5.92178e-05 -3e-06 5.62178e-05 0 0 0.612907 0.790155 
3.15 5.92178e-05 -3e-06 5.62178e-05 0 0 0.587785 0.809017 
3.155 5.92178e-05 -3e-06 5.62178e-05 0 0 0.562083 0.827081 
3.16 5.92178e-05 -3e-06 5.62178e-05 0 0 0.535826 0.844328 
3.165 5.92178e-05 -3e-06 5.62178e-05 0 0 0.509041 0.860742 
3.17 5.92178e-05 -3e-06 5.62178e-05 0 0 0.481753 0.876307 
3.175 5.92178e-05 -3e-06 5.62178e-05 0 0 0.45399 0.891007 
3.18 5.92178e-05 -3e-06 5.62178e-05 0 0 0.425779 0.904827 
3.185 5.92178e-05 -3e-06 5.62178e-05 0 0 0.397147 0.917755 
3.19 5.92179e-05 -3e-06 5.62179e-05 0 0 0.368124 0.929777 
3.195 5.92179e-05 -3e-06 5.62179e-05 0 0 0.338737 0.940881 
3.2 5.92179e-05 -3e-06 5.62179e-05 0 0 0.309016 0.951057 
3.205 5.92179e-05 -3e-06 5.62179e-05 0 0 0.27899 0.960294 
3.21 5.92179e-05 -3e-06 5.62179e-05 0 0 0.248689 0.968583 
3.215 5.92179e-05 -3e-06 5.62179e-05 0 0 0.218143 0.975917 
3.22 5.92179e-05 -3e-06 5.62179e-05 0 0 0.187381 0.982287 
3.225 5.92179e-05 -3e-06 5.62179e-05 0 0 0.156434 0.987688 
3.23 5.92179e-05 -3e-06 5.62179e-05 0 0 0.125333 0.992115 
3.235 5.9218e-05 -3e-06 5.6218e-05 0 0 0.0941076 0.995562 
3.24 5.9218e-05 -3e-06 5.6218e-05 0 0 0.0627898 0.998027 
3.245 5.9218e-05 -3e-06 5.6218e-05 0 0 0.0314101 0.999507 
3.25 5.9218e-05 -3e-06 5.6218e-05 0 0 -6.91325e-07 1 
3.255 5.9218e-05 -3e-06 5.6218e-05 0 0 -0.0314115 0.999507 
3.26 5.9218e-05 -3e-06 5.6218e-05 0 0 -0.0627912 0.998027 
3.265 5.9218e-05 -3e-06 5.6218e-05 0 0 -0.094109 0.995562 
3.27 5.9218e-05 -3e-06 5.6218e-05 0 0 -0.125334 0.992115 
3.275 5.9218e-05 -3e-06 5.6218e-05 0 0 -0.156435 0.987688 
3.28 5.92181e-05 -3e-06 5.62181e-05 0 0 -0.187382 0.982287 
3.285 5.92181e-05 -3e-06 5.62181e-05 0 0 -0.218144 0.975917 
3.29 5.92181e-05 -3e-06 5.62181e-05 0 0 -0.248691 0.968583 
3.295 5.92181e-05 -3e-06 5.62181e-05 0 0 -0.278992 0.960293 
3.3 5.92181e-05 -3e-06 5.62181e-05 0 0 -0.309018 0.951056 
3.305 5.92181e-05 -3e-06 5.62181e-05 0 0 -0.338739 0.94088 
3.31 5.92181e-05 -3e-06 5.62181e-05 0 0 -0.368125 0.929776 
3.315 5.92181e-05 -3e-06 5.62181e-05 0 0 -0.397149 0.917754 
3.32 5.92181e-05 -3e-06 5.62181e-05 0 0 -0.42578 0.904827 
3.325 5.92181e-05 -3e-06 5.62181e-05 0 0 -0.453991 0.891006 
3.33 5.92182e-05 -3e-06 5.62182e-05 0 0 -0.481754 0.876306 
3.335 5.92182e-05 -3e-06 5.62182e-05 0 0 -0.509042 0.860742 
3.34 5.92182e-05 -3e-06 5.62182e-05 0 0 -0.535827 0.844328 
3.345 5.92182e-05 -3e-06 5.62182e-05 0 0 -0.562084 0.82708 
3.35 5.92182e-05 -3e-06 5.62182e-05 0 0 -0.587786 0.809017 
3.355 5.92182e-05 -3e-06 5.62182e-05 0 0 -0.612908 0.790155 
3.36 5.92182e-05 -3e-06 5.62182e-05 0 0 -0.637425 0.770513 
3.365 5.92182e-05 -3e-06 5.62182e-05 0 0 -0.661312 0.750111 
3.37 5.92182e-05 -3e-06 5.62182e-05 0 0 -0.684548 0.728968 
3.375 5.92182e-05 -3e-06 5.62182e-05 0 0 -0.707107 0.707106 
3.38 5.92182e-05 -3e-06 5.62182e-05 0 0 -0.728969 0.684547 
3.385 5.92183e-05 -3e-06 5.62183e-05 0 0 -0.750112 0.661311 
3.39 5.92183e-05 -3e-06 5.62183e-05 0 0 -0.770514 0.637423 
3.395 5.92183e-05 -3e-06 5.62183e-05 0 0 -0.790155 0.612906 
3.4 5.92183e-05 -3e-06 5.62183e-05 0 0 -0.809017 0.587785 
3.405 5.92183e-05 -3e-06 5.62183e-05 0 0 -0.827081 0.562083 
3.41 5.92183e-05 -3e-06 5.62183e-05 0 0 -0.844328 0.535826 
3.415 5.92183e-05 -3e-06 5.62183e-05 0 0 -0.860742 0.509041 
3.42 5.92183e-05 -3e-06 5.62183e-05 0 0 -0.876307 0.481753 
3.425 5.92183e-05 -3e-06 5.62183e-05 0 0 -0.891007 0.45399 
3.43 5.92183e-05 -3e-06 5.62183e-05 0 0 -0.904827 0.425779 
3.435 5.92183e-05 -3e-06 5.62183e-05 0 0 -0.917755 0.397147 
3.44 5.92183e-05 -3e-06 5.62183e-05 0 0 -0.929777 0.368124 
3.445 5.92183e-05 -3e-06 5.62183e-05 0 0 -0.940881 0.338737 
3.45 5.92183e-05 -3e-06 5.62183e-05 0 0 -0.951057 0.309016 
3.455 5.92183e-05 -3e-06 5.62183e-05 0 0 -0.960294 0.27899 
3.46 5.92183e-05 -3e-06 5.62183e-05 0 0 -0.968583 0.248689 
3.465 5.92183e-05 -3e-06 5.62183e-05 0 0 -0.975917 0.218142 
3.47 5.92183e-05 -3e-06 5.62183e-05 0 0 -0.982287 0.187381 
3.475 5.92183e-05 -3e-06 5.62183e-05 0 0 -0.987688 0.156434 
3.48 5.92183e-05 -3e-06 5.62183e-05 0 0 -0.992115 0.125332 
3.485 5.92183e-05 -3e-06 5.62183e-05 0 0 -0.995562 0.0941075 
3.49 5.92183e-05 -3e-06 5.62183e-05 0 0 -0.998027 0.0627897 
3.495 5.92183e-05 -3e-06 5.62183e-05 0 0 -0.999507 0.03141 
3.5 5.92183e-05 -3e-06 5.62183e-05 0 0 -1 -7.98247e-07 
3.505 5.92183e-05 -3e-06 5.62183e-05 0 0 -0.999506 -0.0314116 
3.51 5.92183e-05 -3e-06 5.62183e-05 0 0 -0.998027 -0.0627913 
3.515 5.92183e-05 -3e-06 5.62183e-05 0 0 -0.995562 -0.0941091 
3.52 5.92183e-05 -3e-06 5.62183e-05 0 0 -0.992115 -0.125334 
3.525 5.92183e-05 -3e-06 5.62183e-05 0 0 -0.987688 -0.156435 
3.53 5.92183e-05 -3e-06 5.62183e-05 0 0 -0.982287 -0.187382 
3.535 5.92183e-05 -3e-06 5.62183e-05 0 0 -0.975917 -0.218144 
3.54 5.92183e-05 -3e-06 5.62183e-05 0 0 -0.968583 -0.248691 
3.545 5.92183e-05 -3e-06 5.62183e-05 0 0 -0.960293 -0.278992 
3.55 5.92183e-05 -3e-06 5.62183e-05 0 0 -0.951056 -0.309018 
3.555 5.92183e-05 -3e-06 5.62183e-05 0 0 -0.94088 -0.338739 
3.56 5.92183e-05 -3e-06 5.62183e-05 0 0 -0.929776 -0.368125 
3.565 5.92183e-05 -3e-06 5.62183e-05 0 0 -0.917754 -0.397149 
3.57 5.92183e-05 -3e-06 5.62183e-05 0 0 -0.904827 -0.42578 
3.575 5.92183e-05 -3e-06 5.62183e-05 0 0 -0.891006 -0.453991 
3.58 5.92183e-05 -3e-06 5.62183e-05 0 0 -0.876306 -0.481754 
3.585 5.92183e-05 -3e-06 5.62183e-05 0 0 -0.860742 -0.509042 
3.59 5.92183e-05 -3e-06 5.62183e-05 0 0 -0.844327 -0.535827 
3.595 5.92183e-05 -3e-06 5.62183e-05 0 0 -0.82708 -0.562084 
3.6 5.92183e-05 -3e-06 5.62183e-05 0 0 -0.809016 -0.587786 
3.605 5.92183e-05 -3e-06 5.62183e-05 0 0 -0.790154 -0.612908 
3.61 5.92183e-05 -3e-06 5.62183e-05 0 0 -0.770513 -0.637425 
3.615 5.92183e-05 -3e-06 5.62183e-05 0 0 -0.75011 -0.661312 
3.62 5.92182e-05 -3e-06 5.62182e-05 0 0 -0.728968 -0.684548 
3.625 5.92182e-05 -3e-06 5.62182e-05 0 0 -0.707106 -0.707107 
3.63 5.92182e-05 -3e-06 5.62182e-05 0 0 -0.684546 -0.728969 
3.635 5.92182e-05 -3e-06 5.62182e-05 0 0 -0.661311 -0.750112 
3.64 5.92182e-05 -3e-06 5.62182e-05 0 0 -0.637423 -0.770514 
3.645 5.92182e-05 -3e-06 5.62182e-05 0 0 -0.612906 -0.790156 
3.65 5.92182e-05 -3e-06 5.62182e-05 0 0 -0.587785 -0.809017 
3.655 5.92182e-05 -3e-06 5.62182e-05 0 0 -0.562083 -0.827081 
3.66 5.92182e-05 -3e-06 5.62182e-05 0 0 -0.535826 -0.844328 
3.665 5.92182e-05 -3e-06 5.62182e-05 0 0 -0.509041 -0.860742 
3.67 5.92182e-05 -3e-06 5.62182e-05 0 0 -0.481753 -0.876307 
3.675 5.92181e-05 -3e-06 5.62181e-05 0 0 -0.45399 -0.891007 
3.68 5.92181e-05 -3e-06 5.62181e-05 0 0 -0.425778 -0.904827 
3.685 5.92181e-05 -3e-06 5.62181e-05 0 0 -0.397147 -0.917755 
3.69 5.92181e-05 -3e-06 5.62181e-05 0 0 -0.368124 -0.929777 
3.695 5.92181e-05 -3e-06 5.62181e-05 0 0 -0.338737 -0.940881 
3.7 5.92181e-05 -3e-06 5.62181e-05 0 0 -0.309016 -0.951057 
3.705 5.92181e-05 -3e-06 5.62181e-05 0 0 -0.27899 -0.960294 
3.71 5.92181e-05 -3e-06 5.62181e-05 0 0 -0.248689 -0.968583 
3.715 5.92181e-05 -3e-06 5.62181e-05 0 0 -0.218142 -0.975917 
3.72 5.92181e-05 -3e-06 5.62181e-05 0 0 -0.18738 -0.982287 
3.725 5.9218e-05 -3e-06 5.6218e-05 0 0 -0.156434 -0.987688 
3.73 5.9218e-05 -3e-06 5.6218e-05 0 0 -0.125332 -0.992115 
3.735 5.9218e-05 -3e-06 5.6218e-05 0 0 -0.0941074 -0.995562 
3.74 5.9218e-05 -3e-06 5.6218e-05 0 0 -0.0627896 -0.998027 
3.745 5.9218e-05 -3e-06 5.6218e-05 0 0 -0.0314098 -0.999507 
3.75 5.9218e-05 -3e-06 5.6218e-05 0 0 9.10866e-07 -1 
3.755 5.9218e-05 -3e-06 5.6218e-05 0 0 0.0314117 -0.999506 
3.76 5.9218e-05 -3e-06 5.6218e-05 0 0 0.0627914 -0.998027 
3.765 5.9218e-05 -3e-06 5.6218e-05 0 0 0.0941092 -0.995562 
3.77 5.92179e-05 -3e-06 5.62179e-05 0 0 0.125334 -0.992115 
3.775 5.92179e-05 -3e-06 5.62179e-05 0 0 0.156435 -0.987688 
3.78 5.92179e-05 -3e-06 5.62179e-05 0 0 0.187382 -0.982287 
3.785 5.92179e-05 -3e-06 5.62179e-05 0 0 0.218144 -0.975917 
3.79 5.92179e-05 -3e-06 5.62179e-05 0 0 0.248691 -0.968583 
3.795 5.92179e-05 -3e-06 5.62179e-05 0 0 0.278992 -0.960293 
3.8 5.92179e-05 -3e-06 5.62179e-05 0 0 0.309018 -0.951056 
3.805 5.92179e-05 -3e-06 5.62179e-05 0 0 0.338739 -0.94088 
3.81 5.92179e-05 -3e-06 5.62179e-05 0 0 0.368125 -0.929776 
3.815 5.92178e-05 -3e-06 5.62178e-05 0 0 0.397149 -0.917754 
3.82 5.92178e-05 -3e-06 5.62178e-05 0 0 0.42578 -0.904827 
3.825 5.92178e-05 -3e-06 5.62178e-05 0 0 0.453991 -0.891006 
3.83 5.92178e-05 -3e-06 5.62178e-05 0 0 0.481754 -0.876306 
3.835 5.92178e-05 -3e-06 5.62178e-05 0 0 0.509042 -0.860742 
3.84 5.92178e-05 -3e-06 5.62178e-05 0 0 0.535828 -0.844327 
3.845 5.92178e-05 -3e-06 5.62178e-05 0 0 0.562084 -0.82708 
3.85 5.92178e-05 -3e-06 5.62178e-05 0 0 0.587786 -0.809016 
3.855 5.92178e-05 -3e-06 5.62178e-05 0 0 0.612908 -0.790154 
3.86 5.92178e-05 -3e-06 5.62178e-05 0 0 0.637425 -0.770513 
3.865 5.92177e-05 -3e-06 5.62177e-05 0 0 0.661313 -0.75011 
3.87 5.92177e-05 -3e-06 5.62177e-05 0 0 0.684548 -0.728968 
3.875 5.92177e-05 -3e-06 5.62177e-05 0 0 0.707107 -0.707106 
3.88 5.92177e-05 -3e-06 5.62177e-05 0 0 0.728969 -0.684546 
3.885 5.92177e-05 -3e-06 5.62177e-05 0 0 0.750112 -0.661311 
3.89 5.92177e-05 -3e-06 5.62177e-05 0 0 0.770514 -0.637423 
3.895 5.92177e-05 -3e-06 5.62177e-05 0 0 0.790156 -0.612906 
3.9 5.92177e-05 -3e-06 5.62177e-05 0 0 0.809018 -0.587784 
3.905 5.92177e-05 -3e-06 5.62177e-05 0 0 0.827081 -0.562083 
3.91 5.92177e-05 -3e-06 5.62177e-05 0 0 0.844328 -0.535826 
3.915 5.92177e-05 -3e-06 5.62177e-05 0 0 0.860742 -0.509041 
3.92 5.92177e-05 -3e-06 5.62177e-05 0 0 0.876307 -0.481753 
3.925 5.92177e-05 -3e-06 5.62177e-05 0 0 0.891007 -0.45399 
3.93 5.92177e-05 -3e-06 5.62177e-05 0 0 0.904827 -0.425778 
3.935 5.92177e-05 -3e-06 5.62177e-05 0 0 0.917755 -0.397147 
3.94 5.92177e-05 -3e-06 5.62177e-05 0 0 0.929777 -0.368124 
3.945 5.92176e-05 -3e-06 5.62176e-05 0 0 0.940881 -0.338737 
3.95 5.92176e-05 -3e-06 5.62176e-05 0 0 0.951057 -0.309016 
3.955 5.92176e-05 -3e-06 5.62176e-05 0 0 0.960294 -0.27899 
3.96 5.92176e-05 -3e-06 5.62176e-05 0 0 0.968583 -0.248689 
3.965 5.92176e-05 -3e-06 5.62176e-05 0 0 0.975917 -0.218142 
3.97 5.92176e-05 -3e-06 5.62176e-05 0 0 0.982287 -0.18738 
3.975 5.92176e-05 -3e-06 5.62176e-05 0 0 0.987688 -0.156434 
3.98 5.92176e-05 -3e-06 5.62176e-05 0 0 0.992115 -0.125332 
3.985 5.92176e-05 -3e-06 5.62176e-05 0 0 0.995562 -0.0941074 
3.99 5.92176e-05 -3e-06 5.62176e-05 0 0 0.998027 -0.0627896 
3.995 5.92176e-05 -3e-06 5.62176e-05 0 0 0.999507 -0.0314098 
4 5.92176e-05 -3e-06 5.62176e-05 0 0 1 9.65546e-07 
4.005 5.92176e-05 -3e-06 5.62176e-05 0 0 0.999507 0.0314117 
4.01 5.92176e-05 -3e-06 5.62176e-05 0 0 0.998027 0.0627915 
4.015 5.92176e-05 -3e-06 5.62176e-05 0 0 0.995562 0.0941093 
4.02 5.92176e-05 -3e-06 5.62176e-05 0 0 0.992115 0.125334 
4.025 5.92176e-05 -3e-06 5.62176e-05 0 0 0.987688 0.156435 
4.03 5.92176e-05 -3e-06 5.62176e-05 0 0 0.982287 0.187382 
4.035 5.92176e-05 -3e-06 5.62176e-05 0 0 0.975917 0.218144 
4.04 5.92176e-05 -3e-06 5.62176e-05 0 0 0.968583 0.248691 
4.045 5.92176e-05 -3e-06 5.62176e-05 0 0 0.960293 0.278992 
4.05 5.92176e-05 -3e-06 5.62176e-05 0 0 0.951056 0.309018 
4.055 5.92176e-05 -3e-06 5.62176e-05 0 0 0.94088 0.338739 
4.06 5.92177e-05 -3e-06 5.62177e-05 0 0 0.929776 0.368125 
4.065 5.92177e-05 -3e-06 5.62177e-05 0 0 0.917754 0.397149 
4.07 5.92177e-05 -3e-06 5.62177e-05 0 0 0.904827 0.42578 
4.075 5.92177e-05 -3e-06 5.62177e-05 0 0 0.891006 0.453991 
4.08 5.92177e-05 -3e-06 5.62177e-05 0 0 0.876306 0.481755 
4.085 5.92177e-05 -3e-06 5.62177e-05 0 0 0.860742 0.509042 
4.09 5.92177e-05 -3e-06 5.62177e-05 0 0 0.844327 0.535828 
4.095 5.92177e-05 -3e-06 5.62177e-05 0 0 0.82708 0.562084 
4.1 5.92177e-05 -3e-06 5.62177e-05 0 0 0.809016 0.587786 
4.105 5.92177e-05 -3e-06 5.62177e-05 0 0 0.790154 0.612908 
4.11 5.92177e-05 -3e-06 5.62177e-05 0 0 0.770513 0.637425 
4.115 5.92177e-05 -3e-06 5.62177e-05 0 0 0.75011 0.661313 
4.12 5.92177e-05 -3e-06 5.62177e-05 0 0 0.728968 0.684548 
4.125 5.92177e-05 -3e-06 5.62177e-05 0 0 0.707106 0.707107 
4.13 5.92177e-05 -3e-06 5.62177e-05 0 0 0.684546 0.728969 
4.135 5.92177e-05 -3e-06 5.62177e-05 0 0 0.661311 0.750112 
4.14 5.92178e-05 -3e-06 5.62178e-05 0 0 0.637423 0.770514 
4.145 5.92178e-05 -3e-06 5.62178e-05 0 0 0.612906 0.790156 
4.15 5.92178e-05 -3e-06 5.62178e-05 0 0 0.587784 0.809018 
4.155 5.92178e-05 -3e-06 5.62178e-05 0 0 0.562083 0.827081 
4.16 5.92178e-05 -3e-06 5.62178e-05 0 0 0.535826 0.844328 
4.165 5.92178e-05 -3e-06 5.62178e-05 0 0 0.509041 0.860743 
4.17 5.92178e-05 -3e-06 5.62178e-05 0 0 0.481753 0.876307 
4.175 5.92178e-05 -3e-06 5.62178e-05 0 0 0.45399 0.891007 
4.18 5.92178e-05 -3e-06 5.62178e-05 0 0 0.425778 0.904827 
4.185 5.92178e-05 -3e-06 5.62178e-05 0 0 0.397147 0.917755 
4.19 5.92179e-05 -3e-06 5.62179e-05 0 0 0.368124 0.929777 
4.195 5.92179e-05 -3e-06 5.62179e-05 0 0 0.338737 0.940881 
4.2 5.92179e-05 -3e-06 5.62179e-05 0 0 0.309016 0.951057 
4.205 5.92179e-05 -3e-06 5.62179e-05 0 0 0.27899 0.960294 
4.21 5.92179e-05 -3e-06 5.62179e-05 0 0 0.248689 0.968583 
4.215 5.92179e-05 -3e-06 5.62179e-05 0 0 0.218142 0.975917 
4.22 5.92179e-05 -3e-06 5.62179e-05 0 0 0.18738 0.982287 
4.225 5.92179e-05 -3e-06 5.62179e-05 0 0 0.156433 0.987688 
4.23 5.92179e-05 -3e-06 5.62179e-05 0 0 0.125332 0.992115 
4.235 5.9218e-05 -3e-06 5.6218e-05 0 0 0.0941073 0.995562 
4.24 5.9218e-05 -3e-06 5.6218e-05 0 0 0.0627895 0.998027 
4.245 5.9218e-05 -3e-06 5.6218e-05 0 0 0.0314097 0.999507 
4.25 5.9218e-05 -3e-06 5.6218e-05 0 0 -1.02082e-06 1 
4.255 5.9218e-05 -3e-06 5.6218e-05 0 0 -0.0314118 0.999506 
4.26 5.9218e-05 -3e-06 5.6218e-05 0 0 -0.0627915 0.998027 
4.265 5.9218e-05 -3e-06 5.6218e-05 0 0 -0.0941093 0.995562 
4.27 5.9218e-05 -3e-06 5.6218e-05 0 0 -0.125334 0.992115 
4.275 5.9218e-05 -3e-06 5.6218e-05 0 0 -0.156435 0.987688 
4.28 5.92181e-05 -3e-06 5.62181e-05 0 0 -0.187382 0.982287 
4.285 5.92181e-05 -3e-06 5.62181e-05 0 0 -0.218144 0.975916 
4.29 5.92181e-05 -3e-06 5.62181e-05 0 0 -0.248691 0.968583 
4.295 5.92181e-05 -3e-06 5.62181e-05 0 0 -0.278992 0.960293 
4.3 5.92181e-05 -3e-06 5.62181e-05 0 0 -0.309018 0.951056 
4.305 5.92181e-05 -3e-06 5.62181e-05 0 0 -0.338739 0.94088 
4.31 5.92181e-05 -3e-06 5.62181e-05 0 0 -0.368126 0.929776 
4.315 5.92181e-05 -3e-06 5.62181e-05 0 0 -0.397149 0.917754 
4.32 5.92181e-05 -3e-06 5.62181e-05 0 0 -0.42578 0.904827 
4.325 5.92181e-05 -3e-06 5.62181e-05 0 0 -0.453991 0.891006 
4.33 5.92182e-05 -3e-06 5.62182e-05 0 0 -0.481755 0.876306 
4.335 5.92182e-05 -3e-06 5.62182e-05 0 0 -0.509042 0.860741 
4.34 5.92182e-05 -3e-06 5.62182e-05 0 0 -0.535828 0.844327 
4.345 5.92182e-05 -3e-06 5.62182e-05 0 0 -0.562084 0.82708 
4.35 5.92182e-05 -3e-06 5.62182e-05 0 0 -0.587786 0.809016 
4.355 5.92182e-05 -3e-06 5.62182e-05 0 0 -0.612908 0.790154 
4.36 5.92182e-05 -3e-06 5.62182e-05 0 0 -0.637425 0.770513 
4.365 5.92182e-05 -3e-06 5.62182e-05 0 0 -0.661313 0.75011 
4.37 5.92182e-05 -3e-06 5.62182e-05 0 0 -0.684548 0.728968 
4.375 5.92182e-05 -3e-06 5.62182e-05 0 0 -0.707108 0.707106 
4.38 5.92182e-05 -3e-06 5.62182e-05 0 0 -0.728969 0.684546 
4.385 5.92183e-05 -3e-06 5.62183e-05 0 0 -0.750112 0.661311 
4.39 5.92183e-05 -3e-06 5.62183e-05 0 0 -0.770514 0.637423 
4.395 5.92183e-05 -3e-06 5.62183e-05 0 0 -0.790156 0.612906 
4.4 5.92183e-05 -3e-06 5.62183e-05 0 0 -0.809018 0.587784 
4.405 5.92183e-05 -3e-06 5.62183e-05 0 0 -0.827081 0.562082 
4.41 5.92183e-05 -3e-06 5.62183e-05 0 0 -0.844328 0.535826 
4.415 5.92183e-05 -3e-06 5.62183e-05 0 0 -0.860743 0.50904 
4.42 5.92183e-05 -3e-06 5.62183e-05 0 0 -0.876307 0.481753 
4.425 5.92183e-05 -3e-06 5.62183e-05 0 0 -0.891007 0.453989 
4.43 5.92183e-05 -3e-06 5.62183e-05 0 0 -0.904827 0.425778 
4.435 5.92183e-05 -3e-06 5.62183e-05 0 0 -0.917755 0.397147 
4.44 5.92183e-05 -3e-06 5.62183e-05 0 0 -0.929777 0.368124 
4.445 5.92183e-05 -3e-06 5.62183e-05 0 0 -0.940881 0.338737 
4.45 5.92183e-05 -3e-06 5.62183e-05 0 0 -0.951057 0.309016 
4.455 5.92183e-05 -3e-06 5.62183e-05 0 0 -0.960294 0.27899 
4.46 5.92183e-05 -3e-06 5.62183e-05 0 0 -0.968583 0.248689 
4.465 5.92183e-05 -3e-06 5.62183e-05 0 0 -0.975917 0.218142 
4.47 5.92183e-05 -3e-06 5.62183e-05 0 0 -0.982287 0.18738 
4.475 5.92183e-05 -3e-06 5.62183e-05 0 0 -0.987688 0.156433 
4.48 5.92183e-05 -3e-06 5.62183e-05 0 0 -0.992115 0.125332 
4.485 5.92183e-05 -3e-06 5.62183e-05 0 0 -0.995562 0.0941072 
4.49 5.92183e-05 -3e-06 5.62183e-05 0 0 -0.998027 0.0627894 
4.495 5.92183e-05 -3e-06 5.62183e-05 0 0 -0.999507 0.0314096 
4.5 5.92183e-05 -3e-06 5.62183e-05 0 0 -1 -1.14033e-06 
4.505 5.92183e-05 -3e-06 5.62183e-05 0 0 -0.999506 -0.0314119 
4.51 5.92183e-05 -3e-06 5.62183e-05 0 0 -0.998027 -0.0627917 
4.515 5.92183e-05 -3e-06 5.62183e-05 0 0 -0.995562 -0.0941095 
4.52 5.92183e-05 -3e-06 5.62183e-05 0 0 -0.992115 -0.125334 
4.525 5.92183e-05 -3e-06 5.62183e-05 0 0 -0.987688 -0.156436 
4.53 5.92183e-05 -3e-06 5.62183e-05 0 0 -0.982287 -0.187382 
4.535 5.92183e-05 -3e-06 5.62183e-05 0 0 -0.975916 -0.218144 
4.54 5.92183e-05 -3e-06 5.62183e-05 0 0 -0.968583 -0.248691 
4.545 5.92183e-05 -3e-06 5.62183e-05 0 0 -0.960293 -0.278992 
4.55 5.92183e-05 -3e-06 5.62183e-05 0 0 -0.951056 -0.309018 
4.555 5.92183e-05 -3e-06 5.62183e-05 0 0 -0.94088 -0.338739 
4.56 5.92183e-05 -3e-06 5.62183e-05 0 0 -0.929776 -0.368126 
4.565 5.92183e-05 -3e-06 5.62183e-05 0 0 -0.917754 -0.397149 
4.57 5.92183e-05 -3e-06 5.62183e-05 0 0 -0.904827 -0.42578 
4.575 5.92183e-05 -3e-06 5.62183e-05 0 0 -0.891006 -0.453992 
4.58 5.92183e-05 -3e-06 5.62183e-05 0 0 -0.876306 -0.481755 
4.585 5.92183e-05 -3e-06 5.62183e-05 0 0 -0.860741 -0.509042 
4.59 5.92183e-05 -3e-06 5.62183e-05 0 0 -0.844327 -0.535828 
4.595 5.92183e-05 -3e-06 5.62183e-05 0 0 -0.82708 -0.562084 
4.6 5.92183e-05 -3e-06 5.62183e-05 0 0 -0.809016 -0.587786 
4.605 5.92183e-05 -3e-06 5.62183e-05 0 0 -0.790154 -0.612908 
4.61 5.92183e-05 -3e-06 5.62183e-05 0 0 -0.770512 -0.637425 
4.615 5.92183e-05 -3e-06 5.62183e-05 0 0 -0.75011 -0.661313 
4.62 5.92182e-05 -3e-06 5.62182e-05 0 0 -0.728968 -0.684548 
4.625 5.92182e-05 -3e-06 5.62182e-05 0 0 -0.707106 -0.707108 
4.63 5.92182e-05 -3e-06 5.62182e-05 0 0 -0.684546 -0.728969 
4.635 5.92182e-05 -3e-06 5.62182e-05 0 0 -0.661311 -0.750112 
4.64 5.92182e-05 -3e-06 5.62182e-05 0 0 -0.637423 -0.770514 
4.645 5.92182e-05 -3e-06 5.62182e-05 0 0 -0.612906 -0.790156 
4.65 5.92182e-05 -3e-06 5.62182e-05 0 0 -0.587784 -0.809018 
4.655 5.92182e-05 -3e-06 5.62182e-05 0 0 -0.562082 -0.827081 
4.66 5.92182e-05 -3e-06 5.62182e-05 0 0 -0.535826 -0.844329 
4.665 5.92182e-05 -3e-06 5.62182e-05 0 0 -0.50904 -0.860743 
4.67 5.92182e-05 -3e-06 5.62182e-05 0 0 -0.481753 -0.876307 
4.675 5.92181e-05 -3e-06 5.62181e-05 0 0 -0.453989 -0.891007 
4.68 5.92181e-05 -3e-06 5.62181e-05 0 0 -0.425778 -0.904828 
4.685 5.92181e-05 -3e-06 5.62181e-05 0 0 -0.397147 -0.917755 
4.69 5.92181e-05 -3e-06 5.62181e-05 0 0 -0.368123 -0.929777 
4.695 5.92181e-05 -3e-06 5.62181e-05 0 0 -0.338737 -0.940881 
4.7 5.92181e-05 -3e-06 5.62181e-05 0 0 -0.309016 -0.951057 
4.705 5.92181e-05 -3e-06 5.62181e-05 0 0 -0.27899 -0.960294 
4.71 5.92181e-05 -3e-06 5.62181e-05 0 0 -0.248689 -0.968583 
4.715 5.92181e-05 -3e-06 5.62181e-05 0 0 -0.218142 -0.975917 
4.72 5.92181e-05 -3e-06 5.62181e-05 0 0 -0.18738 -0.982287 
4.725 5.9218e-05 -3e-06 5.6218e-05 0 0 -0.156433 -0.987688 
4.73 5.9218e-05 -3e-06 5.6218e-05 0 0 -0.125332 -0.992115 
4.735 5.9218e-05 -3e-06 5.6218e-05 0 0 -0.0941071 -0.995562 
4.74 5.9218e-05 -3e-06 5.6218e-05 0 0 -0.0627893 -0.998027 
4.745 5.9218e-05 -3e-06 5.6218e-05 0 0 -0.0314095 -0.999507 
4.75 5.9218e-05 -3e-06 5.6218e-05 0 0 1.26554e-06 -1 
4.755 5.9218e-05 -3e-06 5.6218e-05 0 0 0.031412 -0.999506 
4.76 5.9218e-05 -3e-06 5.6218e-05 0 0 0.0627918 -0.998027 
4.765 5.9218e-05 -3e-06 5.6218e-05 0 0 0.0941096 -0.995562 
4.77 5.92179e-05 -3e-06 5.62179e-05 0 0 0.125334 -0.992115 
4.775 5.92179e-05 -3e-06 5.62179e-05 0 0 0.156436 -0.987688 
4.78 5.92179e-05 -3e-06 5.62179e-05 0 0 0.187383 -0.982287 
4.785 5.92179e-05 -3e-06 5.62179e-05 0 0 0.218144 -0.975916 
4.79 5.92179e-05 -3e-06 5.62179e-05 0 0 0.248691 -0.968583 
4.795 5.92179e-05 -3e-06 5.62179e-05 0 0 0.278992 -0.960293 
4.8 5.92179e-05 -3e-06 5.62179e-05 0 0 0.309018 -0.951056 
4.805 5.92179e-05 -3e-06 5.62179e-05 0 0 0.338739 -0.94088 
4.81 5.92179e-05 -3e-06 5.62179e-05 0 0 0.368126 -0.929776 
4.815 5.92178e-05 -3e-06 5.62178e-05 0 0 0.397149 -0.917754 
4.82 5.92178e-05 -3e-06 5.62178e-05 0 0 0.42578 -0.904826 
4.825 5.92178e-05 -3e-06 5.62178e-05 0 0 0.453992 -0.891006 
4.83 5.92178e-05 -3e-06 5.62178e-05 0 0 0.481755 -0.876306 
4.835 5.92178e-05 -3e-06 5.62178e-05 0 0 0.509043 -0.860741 
4.84 5.92178e-05 -3e-06 5.62178e-05 0 0 0.535828 -0.844327 
4.845 5.92178e-05 -3e-06 5.62178e-05 0 0 0.562084 -0.82708 
4.85 5.92178e-05 -3e-06 5.62178e-05 0 0 0.587786 -0.809016 
4.855 5.92178e-05 -3e-06 5.62178e-05 0 0 0.612908 -0.790154 
4.86 5.92178e-05 -3e-06 5.62178e-05 0 0 0.637425 -0.770512 
4.865 5.92177e-05 -3e-06 5.62177e-05 0 0 0.661313 -0.75011 
4.87 5.92177e-05 -3e-06 5.62177e-05 0 0 0.684548 -0.728968 
4.875 5.92177e-05 -3e-06 5.62177e-05 0 0 0.707108 -0.707106 
4.88 5.92177e-05 -3e-06 5.62177e-05 0 0 0.728969 -0.684546 
4.885 5.92177e-05 -3e-06 5.62177e-05 0 0 0.750112 -0.661311 
4.89 5.92177e-05 -3e-06 5.62177e-05 0 0 0.770514 -0.637423 
4.895 5.92177e-05 -3e-06 5.62177e-05 0 0 0.790156 -0.612906 
4.9 5.92177e-05 -3e-06 5.62177e-05 0 0 0.809018 -0.587784 
4.905 5.92177e-05 -3e-06 5.62177e-05 0 0 0.827081 -0.562082 
4.91 5.92177e-05 -3e-06 5.62177e-05 0 0 0.844329 -0.535826 
4.915 5.92177e-05 -3e-06 5.62177e-05 0 0 0.860743 -0.50904 
4.92 5.92177e-05 -3e-06 5.62177e-05 0 0 0.876307 -0.481753 
4.925 5.92177e-05 -3e-06 5.62177e-05 0 0 0.891007 -0.453989 
4.93 5.92177e-05 -3e-06 5.62177e-05 0 0 0.904828 -0.425778 
4.935 5.92177e-05 -3e-06 5.62177e-05 0 0 0.917755 -0.397147 
4.94 5.92177e-05 -3e-06 5.62177e-05 0 0 0.929777 -0.368123 
4.945 5.92176e-05 -3e-06 5.62176e-05 0 0 0.940881 -0.338737 
4.95 5.92176e-05 -3e-06 5.62176e-05 0 0 0.951057 -0.309016 
4.955 5.92176e-05 -3e-06 5.62176e-05 0 0 0.960294 -0.27899 
4.96 5.92176e-05 -3e-06 5.62176e-05 0 0 0.968583 -0.248689 
4.965 5.92176e-05 -3e-06 5.62176e-05 0 0 0.975917 -0.218142 
4.97 5.92176e-05 -3e-06 5.62176e-05 0 0 0.982287 -0.18738 
4.975 5.92176e-05 -3e-06 5.62176e-05 0 0 0.987689 -0.156433 
4.98 5.92176e-05 -3e-06 5.62176e-05 0 0 0.992115 -0.125332 
4.985 5.92176e-05 -3e-06 5.62176e-05 0 0 0.995562 -0.094107 
4.99 5.92176e-05 -3e-06 5.62176e-05 0 0 0.998027 -0.0627892 
4.995 5.92176e-05 -3e-06 5.62176e-05 0 0 0.999507 -0.0314094 
5 5.92176e-05 -3e-06 5.62176e-05 0 0 1 1.3328e-06 
