sun earth jupiter 
0 3.60626 -0.182696 3.42356 27.9394 0 0 1 0 5.2 0 
0.01 3.60636 -0.182696 3.42366 27.9394 0 0 0.998133 0.0627902 5.19993 0.0275535 
0.02 3.60665 -0.182696 3.42395 27.9394 0 0 0.992541 0.125331 5.19971 0.0551061 
0.03 3.60713 -0.182696 3.42443 27.9394 0 0 0.983248 0.187374 5.19934 0.0826573 
0.04 3.6078 -0.182696 3.4251 27.9394 0 0 0.970297 0.248675 5.19883 0.110206 
0.05 3.60867 -0.182696 3.42597 27.9394 0 0 0.953745 0.308993 5.19818 0.137752 
0.06 3.60972 -0.182696 3.42703 27.9394 0 0 0.933665 0.368092 5.19737 0.165294 
0.07 3.61097 -0.182696 3.42828 27.9394 0 0 0.910146 0.425744 5.19642 0.192831 
0.08 3.61242 -0.182696 3.42972 27.9394 0 0 0.883289 0.48173 5.19533 0.220363 
0.09 3.61405 -0.182696 3.43135 27.9394 0 0 0.85321 0.535836 5.19409 0.247888 
0.1 3.61588 -0.182696 3.43318 27.9394 0 0 0.820036 0.587862 5.1927 0.275407 
0.11 3.6179 -0.182696 3.4352 27.9394 0 0 0.783905 0.637616 5.19117 0.302918 
0.12 3.62011 -0.182696 3.43741 27.9394 0 0 0.744968 0.684916 5.18949 0.33042 
0.13 3.62251 -0.182696 3.43981 27.9394 0 0 0.703381 0.729593 5.18767 0.357913 
0.14 3.6251 -0.182696 3.44241 27.9394 0 0 0.659312 0.771489 5.1857 0.385397 
0.15 3.62789 -0.182696 3.4452 27.9394 0 0 0.612934 0.810456 5.18358 0.412869 
0.16 3.63087 -0.182696 3.44817 27.9394 0 0 0.564427 0.846359 5.18132 0.44033 
0.17 3.63404 -0.182696 3.45134 27.9394 0 0 0.513979 0.879073 5.17892 0.467778 
0.18 3.6374 -0.182696 3.45471 27.9394 0 0 0.461779 0.908487 5.17637 0.495213 
0.19 3.64095 -0.182696 3.45826 27.9394 0 0 0.408025 0.934499 5.17367 0.522634 
0.2 3.6447 -0.182696 3.462 27.9394 0 0 0.352914 0.957018 5.17083 0.550041 
0.21 3.64864 -0.182696 3.46594 27.9394 0 0 0.296651 0.975965 5.16784 0.577432 
0.22 3.65276 -0.182696 3.47007 27.9394 0 0 0.239441 0.991269 5.16471 0.604807 
0.23 3.65708 -0.182696 3.47439 27.9394 0 0 0.181494 1.00287 5.16143 0.632165 
0.24 3.66159 -0.182696 3.4789 27.9394 0 0 0.123019 1.01072 5.15801 0.659505 
0.25 3.66629 -0.182696 3.4836 27.9394 0 0 0.0642316 1.01479 5.15444 0.686827 
0.26 3.67118 -0.182696 3.48849 27.9394 0 0 0.00534693 1.01503 5.15073 0.714129 
0.27 3.67626 -0.182696 3.49357 27.9394 0 0 -0.0534168 1.01144 5.14687 0.741412 
0.28 3.68154 -0.182696 3.49884 27.9394 0 0 -0.111839 1.00399 5.14287 0.768673 
0.29 3.687 -0.182696 3.5043 27.9394 0 0 -0.169698 0.992697 5.13873 0.795913 
0.3 3.69265 -0.182696 3.50996 27.9394 0 0 -0.226767 0.977561 5.13444 0.823131 
0.31 3.69849 -0.182696 3.5158 27.9394 0 0 -0.282821 0.958604 5.13 0.850325 
0.32 3.70453 -0.182696 3.52183 27.9394 0 0 -0.337627 0.935854 5.12543 0.877496 
0.33 3.71075 -0.182696 3.52805 27.9394 0 0 -0.390955 0.909353 5.1207 0.904642 
0.34 3.71716 -0.182696 3.53446 27.9394 0 0 -0.442567 0.87915 5.11584 0.931763 
0.35 3.72376 -0.182696 3.54106 27.9394 0 0 -0.492225 0.84531 5.11083 0.958857 
0.36 3.73055 -0.182696 3.54785 27.9394 0 0 -0.539687 0.807908 5.10568 0.985925 
0.37 3.73753 -0.182696 3.55483 27.9394 0 0 -0.584709 0.767033 5.10038 1.01296 
0.38 3.7447 -0.182696 3.562 27.9394 0 0 -0.627041 0.722789 5.09494 1.03998 
0.39 3.75205 -0.182696 3.56936 27.9394 0 0 -0.666434 0.675296 5.08936 1.06696 
0.4 3.7596 -0.182696 3.5769 27.9394 0 0 -0.702634 0.624691 5.08364 1.09391 
0.41 3.76733 -0.182696 3.58463 27.9394 0 0 -0.735385 0.571129 5.07777 1.12083 
0.42 3.77525 -0.182696 3.59255 27.9394 0 0 -0.76443 0.514786 5.07176 1.14772 
0.43 3.78336 -0.182696 3.60066 27.9394 0 0 -0.789511 0.455861 5.06561 1.17458 
0.44 3.79165 -0.182696 3.60896 27.9394 0 0 -0.810373 0.394576 5.05931 1.2014 
0.45 3.80014 -0.182696 3.61744 27.9394 0 0 -0.826759 0.33118 5.05287 1.2282 
0.46 3.80881 -0.182696 3.62611 27.9394 0 0 -0.838422 0.265952 5.04629 1.25495 
0.47 3.81766 -0.182696 3.63497 27.9394 0 0 -0.845117 0.199202 5.03957 1.28167 
0.48 3.8267 -0.182696 3.64401 27.9394 0 0 -0.846614 0.131272 5.03271 1.30836 
0.49 3.83593 -0.182696 3.65324 27.9394 0 0 -0.842695 0.062542 5.02571 1.33501 
0.5 3.84535 -0.182696 3.66265 27.9394 0 0 -0.833163 -0.00657218 5.01856 1.36162 
0.51 3.85495 -0.182696 3.67225 27.9394 0 0 -0.817846 -0.0756145 5.01128 1.38819 
0.52 3.86473 -0.182697 3.68204 27.9394 0 0 -0.796604 -0.144089 5.00385 1.41473 
0.53 3.87471 -0.182697 3.69201 27.9394 0 0 -0.769337 -0.211462 4.99629 1.44122 
0.54 3.88486 -0.182697 3.70216 27.9394 0 0 -0.735996 -0.277159 4.98858 1.46767 
0.55 3.8952 -0.182697 3.7125 27.9394 0 0 -0.696587 -0.340574 4.98073 1.49409 
0.56 3.90573 -0.182697 3.72303 27.9394 0 0 -0.651184 -0.401071 4.97275 1.52046 
0.57 3.91643 -0.182697 3.73374 27.9394 0 0 -0.599942 -0.457993 4.96462 1.54679 
0.58 3.92733 -0.182697 3.74463 27.9394 0 0 -0.543098 -0.510673 4.95635 1.57307 
0.59 3.9384 -0.182697 3.7557 27.9394 0 0 -0.480987 -0.558451 4.94795 1.59931 
0.6 3.94966 -0.182697 3.76696 27.9394 0 0 -0.414038 -0.600685 4.93941 1.62551 
0.61 3.9611 -0.182697 3.7784 27.9394 0 0 -0.342785 -0.636774 4.93072 1.65166 
0.62 3.97272 -0.182697 3.79003 27.9394 0 0 -0.267858 -0.666178 4.9219 1.67776 
0.63 3.98453 -0.182697 3.80183 27.9394 0 0 -0.189975 -0.688438 4.91294 1.70382 
0.64 3.99652 -0.182697 3.81382 27.9394 0 0 -0.109931 -0.703197 4.90385 1.72982 
0.65 4.00868 -0.182697 3.82599 27.9394 0 0 -0.0285769 -0.710213 4.89461 1.75578 
0.66 4.02103 -0.182697 3.83833 27.9394 0 0 0.0532009 -0.709378 4.88524 1.78169 
0.67 4.03356 -0.182697 3.85086 27.9394 0 0 0.13451 -0.700717 4.87573 1.80755 
0.68 4.04627 -0.182697 3.86357 27.9394 0 0 0.214476 -0.684389 4.86608 1.83336 
0.69 4.05916 -0.182697 3.87646 27.9394 0 0 0.29227 -0.660684 4.8563 1.85912 
0.7 4.07223 -0.182697 3.88953 27.9394 0 0 0.367133 -0.630003 4.84638 1.88483 
0.71 4.08548 -0.182697 3.90278 27.9394 0 0 0.438389 -0.592843 4.83633 1.91048 
0.72 4.09891 -0.182697 3.91621 27.9394 0 0 0.505464 -0.549776 4.82613 1.93608 
0.73 4.11251 -0.182697 3.92982 27.9394 0 0 0.567888 -0.501426 4.81581 1.96163 
0.74 4.1263 -0.182697 3.9436 27.9394 0 0 0.625299 -0.448446 4.80535 1.98712 
0.75 4.14026 -0.182697 3.95756 27.9394 0 0 0.677438 -0.391498 4.79475 2.01255 
0.76 4.1544 -0.182697 3.9717 27.9394 0 0 0.724143 -0.331239 4.78402 2.03793 
0.77 4.16871 -0.182697 3.98602 27.9394 0 0 0.76534 -0.268302 4.77315 2.06325 
0.78 4.18321 -0.182697 4.00051 27.9394 0 0 0.801029 -0.203288 4.76215 2.08851 
0.79 4.19788 -0.182697 4.01518 27.9394 0 0 0.831274 -0.136759 4.75102 2.11372 
0.8 4.21272 -0.182696 4.03002 27.9394 0 0 0.856194 -0.0692309 4.73975 2.13886 
0.81 4.22774 -0.182696 4.04504 27.9394 0 0 0.875946 -0.00117522 4.72835 2.16395 
0.82 4.24294 -0.182696 4.06024 27.9394 0 0 0.890723 0.0669853 4.71682 2.18897 
0.83 4.25831 -0.182696 4.07561 27.9394 0 0 0.900738 0.134873 4.70515 2.21393 
0.84 4.27385 -0.182696 4.09115 27.9394 0 0 0.906222 0.202156 4.69336 2.23883 
0.85 4.28957 -0.182696 4.10687 27.9394 0 0 0.907416 0.268541 4.68143 2.26367 
0.86 4.30546 -0.182696 4.12276 27.9394 0 0 0.904565 0.333773 4.66937 2.28845 
0.87 4.32152 -0.182696 4.13883 27.9394 0 0 0.897914 0.397635 4.65718 2.31315 
0.88 4.33776 -0.182696 4.15506 27.9394 0 0 0.887708 0.459937 4.64485 2.3378 
0.89 4.35417 -0.182696 4.17147 27.9394 0 0 0.874184 0.520519 4.6324 2.36238 
0.9 4.37074 -0.182696 4.18805 27.9394 0 0 0.857575 0.579245 4.61982 2.38689 
0.91 4.38749 -0.182696 4.2048 27.9394 0 0 0.838104 0.636004 4.60711 2.41134 
0.92 4.40442 -0.182696 4.22172 27.9394 0 0 0.815988 0.690699 4.59427 2.43571 
0.93 4.42151 -0.182696 4.23881 27.9394 0 0 0.79143 0.743256 4.58129 2.46002 
0.94 4.43877 -0.182696 4.25607 27.9394 0 0 0.764628 0.793609 4.5682 2.48427 
0.95 4.45619 -0.182696 4.2735 27.9394 0 0 0.735767 0.841711 4.55497 2.50844 
0.96 4.47379 -0.182696 4.2911 27.9394 0 0 0.705025 0.887522 4.54161 2.53254 
0.97 4.49156 -0.182696 4.30886 27.9394 0 0 0.672568 0.931012 4.52813 2.55657 
0.98 4.50949 -0.182696 4.3268 27.9394 0 0 0.638556 0.97216 4.51452 2.58052 
0.99 4.52759 -0.182696 4.3449 27.9394 0 0 0.603137 1.01095 4.50078 2.60441 
1 4.54586 -0.182696 4.36316 27.9394 0 0 0.566454 1.04738 4.48692 2.62822 
1.01 4.56429 -0.182696 4.3816 27.9394 0 0 0.528641 1.08143 4.47293 2.65196 
1.02 4.58289 -0.182696 4.40019 27.9394 0 0 0.489823 1.11312 4.45881 2.67562 
1.03 4.60165 -0.182695 4.41896 27.9394 0 0 0.450122 1.14243 4.44457 2.69921 
1.04 4.62058 -0.182695 4.43789 27.9394 0 0 0.409651 1.16939 4.43021 2.72272 
1.05 4.63967 -0.182695 4.45698 27.9394 0 0 0.368517 1.19399 4.41572 2.74616 
1.06 4.65893 -0.182695 4.47623 27.9394 0 0 0.326824 1.21624 4.40111 2.76952 
1.07 4.67835 -0.182695 4.49565 27.9394 0 0 0.284669 1.23617 4.38637 2.7928 
1.08 4.69793 -0.182695 4.51523 27.9394 0 0 0.242145 1.25377 4.37151 2.816 
1.09 4.71767 -0.182695 4.53497 27.9394 0 0 0.199341 1.26906 4.35653 2.83913 
1.1 4.73757 -0.182695 4.55488 27.9394 0 0 0.156344 1.28206 4.34142 2.86217 
1.11 4.75764 -0.182695 4.57494 27.9394 0 0 0.113235 1.29277 4.3262 2.88514 
1.12 4.77786 -0.182695 4.59516 27.9394 0 0 0.0700949 1.30121 4.31085 2.90802 
1.13 4.79824 -0.182695 4.61555 27.9394 0 0 0.0269997 1.3074 4.29538 2.93082 
1.14 4.81879 -0.182695 4.63609 27.9394 0 0 -0.0159752 1.31134 4.27979 2.95354 
1.15 4.83949 -0.182695 4.65679 27.9394 0 0 -0.0587566 1.31305 4.26408 2.97617 
1.16 4.86035 -0.182695 4.67765 27.9394 0 0 -0.101273 1.31254 4.24825 2.99873 
1.17 4.88136 -0.182695 4.69867 27.9394 0 0 -0.143453 1.30982 4.2323 3.0212 
1.18 4.90253 -0.182695 4.71984 27.9394 0 0 -0.185228 1.30491 4.21623 3.04358 
1.19 4.92386 -0.182695 4.74117 27.9394 0 0 -0.226527 1.2978 4.20004 3.06588 
1.2 4.94535 -0.182695 4.76265 27.9394 0 0 -0.267282 1.28851 4.18374 3.08809 
1.21 4.96698 -0.182695 4.78429 27.9394 0 0 -0.307423 1.27706 4.16732 3.11021 
1.22 4.98878 -0.182695 4.80608 27.9394 0 0 -0.34688 1.26344 4.15078 3.13225 
1.23 5.01072 -0.182695 4.82803 27.9394 0 0 -0.385582 1.24766 4.13412 3.1542 
1.24 5.03282 -0.182695 4.85013 27.9394 0 0 -0.423457 1.22973 4.11735 3.17606 
1.25 5.05508 -0.182695 4.87238 27.9394 0 0 -0.460431 1.20965 4.10047 3.19784 
1.26 5.07748 -0.182695 4.89478 27.9394 0 0 -0.496427 1.18744 4.08346 3.21952 
1.27 5.10003 -0.182695 4.91734 27.9394 0 0 -0.531367 1.16308 4.06635 3.24111 
1.28 5.12274 -0.182695 4.94004 27.9394 0 0 -0.565169 1.13659 4.04912 3.26261 
1.29 5.14559 -0.182695 4.9629 27.9394 0 0 -0.597748 1.10797 4.03177 3.28402 
1.3 5.1686 -0.182695 4.9859 27.9394 0 0 -0.629014 1.07721 4.01431 3.30534 
1.31 5.19175 -0.182695 5.00906 27.9394 0 0 -0.658873 1.04432 3.99674 3.32656 
1.32 5.21505 -0.182695 5.03236 27.9394 0 0 -0.687224 1.00931 3.97906 3.34769 
1.33 5.2385 -0.182695 5.0558 27.9394 0 0 -0.713962 0.972169 3.96126 3.36873 
1.34 5.26209 -0.182696 5.0794 27.9394 0 0 -0.738972 0.932903 3.94336 3.38967 
1.35 5.28584 -0.182696 5.10314 27.9394 0 0 -0.762131 0.891515 3.92534 3.41052 
1.36 5.30972 -0.182696 5.12703 27.9394 0 0 -0.783308 0.848008 3.90722 3.43127 
1.37 5.33375 -0.182696 5.15106 27.9394 0 0 -0.802359 0.802389 3.88898 3.45193 
1.38 5.35793 -0.182696 5.17523 27.9394 0 0 -0.819129 0.754665 3.87063 3.47248 
1.39 5.38224 -0.182696 5.19955 27.9394 0 0 -0.833446 0.704849 3.85218 3.49294 
1.4 5.4067 -0.182696 5.22401 27.9394 0 0 -0.845124 0.652959 3.83362 3.51331 
1.41 5.43131 -0.182696 5.24861 27.9394 0 0 -0.853954 0.599018 3.81495 3.53357 
1.42 5.45605 -0.182696 5.27336 27.9394 0 0 -0.859707 0.543061 3.79617 3.55374 
1.43 5.48094 -0.182696 5.29824 27.9394 0 0 -0.862127 0.485132 3.77729 3.5738 
1.44 5.50596 -0.182696 5.32326 27.9394 0 0 -0.860928 0.425293 3.7583 3.59377 
1.45 5.53112 -0.182696 5.34843 27.9394 0 0 -0.855788 0.363628 3.7392 3.61363 
1.46 5.55643 -0.182696 5.37373 27.9394 0 0 -0.846345 0.300249 3.72 3.63339 
1.47 5.58187 -0.182696 5.39917 27.9394 0 0 -0.83219 0.235306 3.7007 3.65305 
1.48 5.60744 -0.182697 5.42475 27.9394 0 0 -0.812856 0.169003 3.68129 3.67261 
1.49 5.63316 -0.182697 5.45046 27.9394 0 0 -0.787819 0.101614 3.66178 3.69207 
1.5 5.65901 -0.182697 5.47631 27.9394 0 0 -0.756481 0.0335066 3.64216 3.71142 
1.51 5.68499 -0.182697 5.50229 27.9394 0 0 -0.71817 -0.0348173 3.62244 3.73066 
1.52 5.71111 -0.182697 5.52841 27.9394 0 0 -0.672141 -0.102677 3.60263 3.7498 
1.53 5.73736 -0.182698 5.55467 27.9394 0 0 -0.617583 -0.169143 3.58271 3.76884 
1.54 5.76375 -0.182698 5.58105 27.9394 0 0 -0.55366 -0.232951 3.56269 3.78777 
1.55 5.79027 -0.182698 5.60757 27.9394 0 0 -0.479587 -0.292389 3.54256 3.8066 
1.56 5.81692 -0.182699 5.63422 27.9394 0 0 -0.394789 -0.345177 3.52234 3.82531 
1.57 5.8437 -0.182699 5.661 27.9394 0 0 -0.29918 -0.388377 3.50203 3.84393 
1.58 5.87061 -0.1827 5.68791 27.9394 0 0 -0.19359 -0.418453 3.48161 3.86243 
1.59 5.89764 -0.1827 5.71494 27.9394 0 0 -0.0802828 -0.431628 3.46109 3.88082 
1.6 5.92481 -0.1827 5.74211 27.9394 0 0 0.0367104 -0.424723 3.44048 3.89911 
1.61 5.95209 -0.1827 5.76939 27.9394 0 0 0.151877 -0.396308 3.41977 3.91728 
1.62 5.9795 -0.1827 5.7968 27.9394 0 0 0.259386 -0.347536 3.39897 3.93535 
1.63 6.00703 -0.1827 5.82433 27.9394 0 0 0.354607 -0.281934 3.37807 3.9533 
1.64 6.03469 -0.182699 5.85199 27.9394 0 0 0.435029 -0.204232 3.35707 3.97115 
1.65 6.06247 -0.182699 5.87977 27.9394 0 0 0.500174 -0.119069 3.33598 3.98888 
1.66 6.09037 -0.182699 5.90767 27.9394 0 0 0.550928 -0.0302344 3.3148 4.0065 
1.67 6.1184 -0.182698 5.9357 27.9394 0 0 0.588834 0.0595162 3.29352 4.02401 
1.68 6.14655 -0.182698 5.96385 27.9394 0 0 0.615609 0.148324 3.27216 4.0414 
1.69 6.17482 -0.182698 5.99213 27.9394 0 0 0.632892 0.235003 3.2507 4.05868 
1.7 6.20322 -0.182697 6.02052 27.9394 0 0 0.642135 0.318836 3.22914 4.07585 
1.71 6.23173 -0.182697 6.04903 27.9394 0 0 0.644585 0.399419 3.2075 4.0929 
1.72 6.26036 -0.182697 6.07767 27.9394 0 0 0.64129 0.476549 3.18577 4.10984 
1.73 6.28911 -0.182697 6.10642 27.9394 0 0 0.633129 0.550152 3.16395 4.12667 
1.74 6.31798 -0.182697 6.13528 27.9394 0 0 0.620835 0.620239 3.14204 4.14337 
1.75 6.34697 -0.182696 6.16427 27.9394 0 0 0.605023 0.686867 3.12004 4.15996 
1.76 6.37607 -0.182696 6.19337 27.9394 0 0 0.586209 0.750126 3.09795 4.17644 
1.77 6.40528 -0.182696 6.22259 27.9394 0 0 0.564831 0.810121 3.07578 4.19279 
1.78 6.43461 -0.182696 6.25192 27.9394 0 0 0.541259 0.866966 3.05352 4.20903 
1.79 6.46405 -0.182696 6.28136 27.9394 0 0 0.51581 0.920776 3.03117 4.22515 
1.8 6.49361 -0.182696 6.31091 27.9394 0 0 0.488759 0.971667 3.00874 4.24116 
1.81 6.52328 -0.182696 6.34058 27.9394 0 0 0.460339 1.01975 2.98623 4.25704 
1.82 6.55305 -0.182696 6.37036 27.9394 0 0 0.430757 1.06513 2.96363 4.2728 
1.83 6.58294 -0.182696 6.40024 27.9394 0 0 0.40019 1.10792 2.94095 4.28845 
1.84 6.61294 -0.182696 6.43024 27.9394 0 0 0.368797 1.14821 2.91818 4.30397 
1.85 6.64304 -0.182696 6.46034 27.9394 0 0 0.336716 1.18609 2.89533 4.31937 
1.86 6.67325 -0.182696 6.49055 27.9394 0 0 0.304069 1.22165 2.87241 4.33465 
1.87 6.70357 -0.182696 6.52087 27.9394 0 0 0.270967 1.25497 2.8494 4.34981 
1.88 6.73399 -0.182696 6.55129 27.9394 0 0 0.237505 1.28612 2.82631 4.36485 
1.89 6.76452 -0.182696 6.58182 27.9394 0 0 0.203774 1.31519 2.80314 4.37976 
1.9 6.79515 -0.182696 6.61245 27.9394 0 0 0.16985 1.34222 2.77989 4.39455 
1.91 6.82588 -0.182695 6.64319 27.9394 0 0 0.135807 1.3673 2.75657 4.40922 
1.92 6.85672 -0.182695 6.67402 27.9394 0 0 0.101708 1.39047 2.73317 4.42377 
1.93 6.88765 -0.182695 6.70496 27.9394 0 0 0.0676126 1.41179 2.70969 4.43819 
1.94 6.91869 -0.182695 6.736 27.9394 0 0 0.0335754 1.43131 2.68613 4.45248 
1.95 6.94983 -0.182695 6.76713 27.9394 0 0 -0.000354216 1.44907 2.6625 4.46665 
1.96 6.98106 -0.182695 6.79837 27.9394 0 0 -0.0341304 1.46513 2.6388 4.4807 
1.97 7.0124 -0.182695 6.8297 27.9394 0 0 -0.0677109 1.47953 2.61502 4.49462 
1.98 7.04383 -0.182695 6.86113 27.9394 0 0 -0.101056 1.4923 2.59117 4.50841 
1.99 7.07535 -0.182695 6.89266 27.9394 0 0 -0.13413 1.50348 2.56724 4.52208 
2 7.10697 -0.182695 6.92428 27.9394 0 0 -0.166897 1.51311 2.54324 4.53562 
2.01 7.13869 -0.182695 6.95599 27.9394 0 0 -0.199326 1.52121 2.51917 4.54903 
2.02 7.1705 -0.182695 6.9878 27.9394 0 0 -0.231385 1.52781 2.49503 4.56231 
2.03 7.2024 -0.182695 7.0197 27.9394 0 0 -0.263047 1.53295 2.47082 4.57547 
2.04 7.23439 -0.182695 7.05169 27.9394 0 0 -0.294283 1.53665 2.44655 4.5885 
2.05 7.26647 -0.182695 7.08377 27.9394 0 0 -0.325066 1.53893 2.4222 4.6014 
2.06 7.29864 -0.182695 7.11595 27.9394 0 0 -0.355372 1.53981 2.39778 4.61417 
2.07 7.3309 -0.182695 7.14821 27.9394 0 0 -0.385176 1.53932 2.3733 4.62681 
2.08 7.36325 -0.182695 7.18056 27.9394 0 0 -0.414453 1.53747 2.34875 4.63932 
2.09 7.39569 -0.182695 7.21299 27.9394 0 0 -0.443181 1.53427 2.32413 4.6517 
2.1 7.42821 -0.182695 7.24551 27.9394 0 0 -0.471335 1.52975 2.29945 4.66395 
2.11 7.46081 -0.182695 7.27812 27.9394 0 0 -0.498894 1.52392 2.27471 4.67607 
2.12 7.4935 -0.182695 7.31081 27.9394 0 0 -0.525835 1.51679 2.2499 4.68806 
2.13 7.52628 -0.182695 7.34358 27.9394 0 0 -0.552135 1.50837 2.22503 4.69991 
2.14 7.55913 -0.182695 7.37644 27.9394 0 0 -0.577772 1.49867 2.20009 4.71163 
2.15 7.59207 -0.182695 7.40938 27.9394 0 0 -0.602722 1.48771 2.17509 4.72323 
2.16 7.62509 -0.182695 7.4424 27.9394 0 0 -0.626962 1.47547 2.15004 4.73469 
2.17 7.65819 -0.182695 7.47549 27.9394 0 0 -0.650469 1.46198 2.12492 4.74601 
2.18 7.69136 -0.182695 7.50867 27.9394 0 0 -0.673218 1.44724 2.09974 4.7572 
2.19 7.72462 -0.182695 7.54192 27.9394 0 0 -0.695184 1.43124 2.0745 4.76826 
2.2 7.75795 -0.182695 7.57525 27.9394 0 0 -0.716342 1.414 2.04921 4.77919 
2.21 7.79136 -0.182695 7.60866 27.9394 0 0 -0.736663 1.3955 2.02386 4.78998 
2.22 7.82484 -0.182695 7.64214 27.9394 0 0 -0.756121 1.37576 1.99845 4.80064 
2.23 7.85839 -0.182695 7.6757 27.9394 0 0 -0.774686 1.35476 1.97298 4.81116 
2.24 7.89202 -0.182695 7.70933 27.9394 0 0 -0.792326 1.33251 1.94746 4.82154 
2.25 7.92572 -0.182695 7.74303 27.9394 0 0 -0.809009 1.30899 1.92188 4.8318 
2.26 7.9595 -0.182695 7.7768 27.9394 0 0 -0.824699 1.28421 1.89625 4.84191 
2.27 7.99334 -0.182695 7.81064 27.9394 0 0 -0.83936 1.25815 1.87057 4.85189 
2.28 8.02725 -0.182695 7.84455 27.9394 0 0 -0.852951 1.2308 1.84484 4.86174 
2.29 8.06123 -0.182695 7.87853 27.9394 0 0 -0.86543 1.20215 1.81905 4.87144 
2.3 8.09528 -0.182695 7.91258 27.9394 0 0 -0.87675 1.17218 1.79321 4.88101 
2.31 8.12939 -0.182695 7.94669 27.9394 0 0 -0.886862 1.14089 1.76732 4.89045 
2.32 8.16357 -0.182695 7.98087 27.9394 0 0 -0.895709 1.10825 1.74138 4.89974 
2.33 8.19781 -0.182695 8.01512 27.9394 0 0 -0.903234 1.07424 1.7154 4.9089 
2.34 8.23212 -0.182695 8.04942 27.9394 0 0 -0.909371 1.03884 1.68936 4.91792 
2.35 8.26649 -0.182696 8.08379 27.9394 0 0 -0.914047 1.00202 1.66328 4.9268 
2.36 8.30092 -0.182696 8.11823 27.9394 0 0 -0.917182 0.963759 1.63715 4.93555 
2.37 8.33541 -0.182696 8.15272 27.9394 0 0 -0.918688 0.924025 1.61097 4.94415 
2.38 8.36996 -0.182696 8.18727 27.9394 0 0 -0.918465 0.882782 1.58475 4.95262 
2.39 8.40457 -0.182696 8.22188 27.9394 0 0 -0.916401 0.839993 1.55849 4.96095 
2.4 8.43924 -0.182696 8.25655 27.9394 0 0 -0.912368 0.795617 1.53218 4.96914 
2.41 8.47397 -0.182696 8.29127 27.9394 0 0 -0.906223 0.749608 1.50583 4.97718 
2.42 8.50875 -0.182696 8.32605 27.9394 0 0 -0.897797 0.701917 1.47943 4.98509 
2.43 8.54359 -0.182696 8.36089 27.9394 0 0 -0.886898 0.65249 1.453 4.99286 
2.44 8.57848 -0.182696 8.39578 27.9394 0 0 -0.873299 0.601268 1.42652 5.00049 
2.45 8.61342 -0.182696 8.43072 27.9394 0 0 -0.856733 0.54819 1.40001 5.00798 
2.46 8.64842 -0.182696 8.46572 27.9394 0 0 -0.83688 0.493189 1.37345 5.01533 
2.47 8.68346 -0.182697 8.50077 27.9394 0 0 -0.813349 0.436196 1.34686 5.02253 
2.48 8.71856 -0.182697 8.53586 27.9394 0 0 -0.785662 0.377146 1.32022 5.0296 
2.49 8.75371 -0.182697 8.57101 27.9394 0 0 -0.753215 0.315979 1.29355 5.03653 
2.5 8.78891 -0.182697 8.60621 27.9394 0 0 -0.715236 0.252656 1.26685 5.04331 
2.51 8.82415 -0.182698 8.64146 27.9394 0 0 -0.670704 0.187185 1.24011 5.04995 
2.52 8.85945 -0.182698 8.67675 27.9394 0 0 -0.618234 0.119668 1.21333 5.05645 
2.53 8.89479 -0.182699 8.71209 27.9394 0 0 -0.555868 0.0504227 1.18652 5.06281 
2.54 8.93018 -0.1827 8.74748 27.9394 0 0 -0.480711 -0.0197557 1.15968 5.06903 
2.55 8.96563 -0.182701 8.78293 27.9394 0 0 -0.388244 -0.0888772 1.1328 5.0751 
2.56 9.00114 -0.182703 8.81844 27.9394 0 0 -0.271111 -0.1516 1.10589 5.08103 
2.57 9.03673 -0.182707 8.85402 27.9394 0 0 -0.118377 -0.191724 1.07896 5.08682 
2.58 9.07234 -0.18271 8.88963 27.9394 0 0 0.066718 -0.162288 1.05199 5.09246 
2.59 9.10782 -0.182708 8.92511 27.9394 0 0 0.207937 -0.0353804 1.02499 5.09797 
2.6 9.14333 -0.182704 8.96063 27.9394 0 0 0.266865 0.115561 0.99796 5.10333 
2.61 9.17892 -0.182701 8.99622 27.9394 0 0 0.280683 0.250369 0.970905 5.10854 
2.62 9.21458 -0.1827 9.03188 27.9394 0 0 0.272708 0.366954 0.943822 5.11362 
2.63 9.25028 -0.182699 9.06758 27.9394 0 0 0.253103 0.46849 0.916713 5.11854 
2.64 9.28602 -0.182698 9.10332 27.9394 0 0 0.226734 0.557881 0.889578 5.12333 
2.65 9.32179 -0.182698 9.1391 27.9394 0 0 0.196208 0.637314 0.862418 5.12797 
2.66 9.35761 -0.182698 9.17491 27.9394 0 0 0.163052 0.70841 0.835234 5.13247 
2.67 9.39345 -0.182697 9.21075 27.9394 0 0 0.128223 0.772388 0.808027 5.13682 
2.68 9.42933 -0.182697 9.24663 27.9394 0 0 0.0923527 0.830186 0.780796 5.14103 
2.69 9.46523 -0.182697 9.28254 27.9394 0 0 0.0558779 0.882543 0.753544 5.1451 
2.7 9.50117 -0.182697 9.31847 27.9394 0 0 0.0191099 0.930051 0.726271 5.14902 
2.71 9.53713 -0.182697 9.35443 27.9394 0 0 -0.0177225 0.973193 0.698977 5.15279 
2.72 9.57312 -0.182696 9.39042 27.9394 0 0 -0.0544471 1.01237 0.671664 5.15642 
2.73 9.60913 -0.182696 9.42643 27.9394 0 0 -0.0909311 1.04792 0.644332 5.15991 
2.74 9.64517 -0.182696 9.46247 27.9394 0 0 -0.127071 1.08011 0.616981 5.16325 
2.75 9.68123 -0.182696 9.49853 27.9394 0 0 -0.162782 1.10921 0.589614 5.16645 
2.76 9.71731 -0.182696 9.53461 27.9394 0 0 -0.197999 1.13541 0.56223 5.1695 
2.77 9.75341 -0.182696 9.57072 27.9394 0 0 -0.232664 1.1589 0.53483 5.17241 
2.78 9.78953 -0.182696 9.60684 27.9394 0 0 -0.266732 1.17984 0.507415 5.17517 
2.79 9.82568 -0.182696 9.64298 27.9394 0 0 -0.300162 1.19837 0.479986 5.17779 
2.8 9.86184 -0.182696 9.67914 27.9394 0 0 -0.33292 1.21461 0.452543 5.18026 
2.81 9.89801 -0.182696 9.71532 27.9394 0 0 -0.364976 1.22868 0.425088 5.18258 
2.82 9.93421 -0.182696 9.75151 27.9394 0 0 -0.396302 1.24067 0.39762 5.18476 
2.83 9.97041 -0.182696 9.78772 27.9394 0 0 -0.426875 1.25067 0.370142 5.18679 
2.84 10.0066 -0.182696 9.82394 27.9394 0 0 -0.456672 1.25875 0.342653 5.18868 
2.85 10.0429 -0.182696 9.86017 27.9394 0 0 -0.485671 1.26499 0.315154 5.19043 
2.86 10.0791 -0.182696 9.89642 27.9394 0 0 -0.513853 1.26946 0.287647 5.19202 
2.87 10.1154 -0.182696 9.93267 27.9394 0 0 -0.541198 1.2722 0.260132 5.19347 
2.88 10.1516 -0.182696 9.96894 27.9394 0 0 -0.567688 1.27327 0.232609 5.19478 
2.89 10.1879 -0.182696 10.0052 27.9394 0 0 -0.593304 1.27272 0.20508 5.19594 
2.9 10.2242 -0.182696 10.0415 27.9394 0 0 -0.618028 1.27057 0.177545 5.19695 
2.91 10.2605 -0.182696 10.0778 27.9394 0 0 -0.64184 1.26688 0.150005 5.19782 
2.92 10.2968 -0.182696 10.1141 27.9394 0 0 -0.664721 1.26167 0.122461 5.19854 
2.93 10.3331 -0.182696 10.1504 27.9394 0 0 -0.686651 1.25498 0.0949129 5.19912 
2.94 10.3694 -0.182696 10.1867 27.9394 0 0 -0.707611 1.24681 0.0673626 5.19955 
2.95 10.4057 -0.182696 10.223 27.9394 0 0 -0.727578 1.2372 0.0398104 5.19983 
2.96 10.442 -0.182696 10.2593 27.9394 0 0 -0.746529 1.22617 0.0122571 5.19997 
2.97 10.4783 -0.182696 10.2956 27.9394 0 0 -0.764442 1.21373 -0.0152966 5.19996 
2.98 10.5146 -0.182696 10.3319 27.9394 0 0 -0.781289 1.19988 -0.0428498 5.19981 
2.99 10.5509 -0.182696 10.3682 27.9394 0 0 -0.797044 1.18464 -0.0704019 5.19951 
3 10.5872 -0.182696 10.4045 27.9394 0 0 -0.811678 1.16802 -0.0979519 5.19906 
3.01 10.6235 -0.182696 10.4408 27.9394 0 0 -0.82516 1.15002 -0.125499 5.19847 
3.02 10.6598 -0.182696 10.4771 27.9394 0 0 -0.837454 1.13063 -0.153043 5.19773 
3.03 10.6961 -0.182696 10.5134 27.9394 0 0 -0.848525 1.10986 -0.180582 5.19685 
3.04 10.7324 -0.182696 10.5497 27.9394 0 0 -0.858331 1.0877 -0.208117 5.19582 
3.05 10.7687 -0.182696 10.586 27.9394 0 0 -0.866829 1.06414 -0.235645 5.19464 
3.06 10.8049 -0.182696 10.6222 27.9394 0 0 -0.873971 1.03916 -0.263167 5.19332 
3.07 10.8412 -0.182696 10.6585 27.9394 0 0 -0.879704 1.01276 -0.290682 5.19185 
3.08 10.8774 -0.182696 10.6947 27.9394 0 0 -0.883967 0.984905 -0.318188 5.19024 
3.09 10.9137 -0.182696 10.731 27.9394 0 0 -0.886697 0.955581 -0.345686 5.18848 
3.1 10.9499 -0.182696 10.7672 27.9394 0 0 -0.88782 0.924758 -0.373174 5.18657 
3.11 10.9861 -0.182696 10.8034 27.9394 0 0 -0.887253 0.892404 -0.400651 5.18452 
3.12 11.0223 -0.182696 10.8396 27.9394 0 0 -0.884906 0.858482 -0.428117 5.18233 
3.13 11.0585 -0.182696 10.8758 27.9394 0 0 -0.880672 0.822947 -0.455571 5.17999 
3.14 11.0946 -0.182696 10.9119 27.9394 0 0 -0.874432 0.785752 -0.483012 5.1775 
3.15 11.1308 -0.182696 10.9481 27.9394 0 0 -0.866049 0.746839 -0.51044 5.17487 
3.16 11.1669 -0.182696 10.9842 27.9394 0 0 -0.855362 0.706143 -0.537853 5.17209 
3.17 11.203 -0.182696 11.0203 27.9394 0 0 -0.842185 0.663589 -0.565251 5.16917 
3.18 11.2391 -0.182696 11.0564 27.9394 0 0 -0.826295 0.619094 -0.592634 5.1661 
3.19 11.2751 -0.182697 11.0924 27.9394 0 0 -0.807427 0.572557 -0.619999 5.16289 
3.2 11.3112 -0.182697 11.1285 27.9394 0 0 -0.785259 0.523865 -0.647348 5.15953 
3.21 11.3472 -0.182697 11.1645 27.9394 0 0 -0.759392 0.472887 -0.674678 5.15603 
3.22 11.3832 -0.182697 11.2005 27.9394 0 0 -0.729322 0.419471 -0.701989 5.15238 
3.23 11.4192 -0.182697 11.2365 27.9394 0 0 -0.6944 0.363439 -0.729281 5.14859 
3.24 11.4551 -0.182698 11.2724 27.9394 0 0 -0.653758 0.304588 -0.756552 5.14465 
3.25 11.491 -0.182698 11.3083 27.9394 0 0 -0.606196 0.242692 -0.783801 5.14057 
3.26 11.5269 -0.182699 11.3442 27.9394 0 0 -0.549969 0.177513 -0.811029 5.13634 
3.27 11.5628 -0.1827 11.3801 27.9394 0 0 -0.482353 0.108874 -0.838234 5.13197 
3.28 11.5987 -0.182701 11.416 27.9394 0 0 -0.398667 0.0369156 -0.865416 5.12746 
3.29 11.6345 -0.182704 11.4518 27.9394 0 0 -0.289534 -0.0367231 -0.892573 5.1228 
3.3 11.6705 -0.182712 11.4878 27.9394 0 0 -0.130832 -0.100592 -0.919705 5.118 
3.31 11.7065 -0.182723 11.5238 27.9394 0 0 0.101197 -0.0182486 -0.946811 5.11306 
3.32 11.7416 -0.182706 11.5589 27.9394 0 0 0.184623 0.165278 -0.973891 5.10797 
3.33 11.7771 -0.182702 11.5944 27.9394 0 0 0.207382 0.297645 -1.00094 5.10274 
3.34 11.8127 -0.1827 11.63 27.9394 0 0 0.211468 0.404746 -1.02797 5.09736 
3.35 11.8482 -0.182699 11.6655 27.9394 0 0 0.206382 0.494934 -1.05496 5.09184 
3.36 11.8838 -0.182699 11.7011 27.9394 0 0 0.195836 0.572478 -1.08193 5.08618 
3.37 11.9193 -0.182698 11.7366 27.9394 0 0 0.181694 0.639915 -1.10886 5.08038 
3.38 11.9547 -0.182698 11.772 27.9394 0 0 0.165036 0.698898 -1.13577 5.07443 
3.39 11.9901 -0.182698 11.8074 27.9394 0 0 0.146551 0.750578 -1.16264 5.06834 
3.4 12.0255 -0.182697 11.8428 27.9394 0 0 0.126707 0.795792 -1.18948 5.06211 
3.41 12.0608 -0.182697 11.8781 27.9394 0 0 0.105846 0.835169 -1.21629 5.05573 
3.42 12.0961 -0.182697 11.9134 27.9394 0 0 0.0842219 0.869195 -1.24306 5.04922 
3.43 12.1313 -0.182697 11.9486 27.9394 0 0 0.0620368 0.898248 -1.2698 5.04256 
3.44 12.1665 -0.182697 11.9838 27.9394 0 0 0.0394535 0.922626 -1.2965 5.03576 
3.45 12.2016 -0.182697 12.0189 27.9394 0 0 0.016609 0.942565 -1.32316 5.02882 
3.46 12.2367 -0.182697 12.054 27.9394 0 0 -0.00637805 0.958252 -1.34979 5.02174 
3.47 12.2718 -0.182697 12.0891 27.9394 0 0 -0.0294014 0.969831 -1.37638 5.01452 
3.48 12.3067 -0.182697 12.124 27.9394 0 0 -0.0523633 0.977412 -1.40293 5.00715 
3.49 12.3417 -0.182697 12.159 27.9394 0 0 -0.0751709 0.981073 -1.42944 4.99965 
3.5 12.3766 -0.182697 12.1939 27.9394 0 0 -0.0977336 0.980864 -1.45592 4.992 
3.51 12.4114 -0.182697 12.2287 27.9394 0 0 -0.11996 0.976807 -1.48235 4.98422 
3.52 12.4462 -0.182697 12.2635 27.9394 0 0 -0.141757 0.968901 -1.50874 4.97629 
3.53 12.4809 -0.182697 12.2982 27.9394 0 0 -0.163025 0.957117 -1.53508 4.96823 
3.54 12.5156 -0.182697 12.3329 27.9394 0 0 -0.183655 0.941399 -1.56139 4.96002 
3.55 12.5502 -0.182697 12.3675 27.9394 0 0 -0.203531 0.921664 -1.58765 4.95168 
3.56 12.5847 -0.182697 12.402 27.9394 0 0 -0.222516 0.897793 -1.61386 4.9432 
3.57 12.6192 -0.182697 12.4365 27.9394 0 0 -0.240455 0.869634 -1.64003 4.93458 
3.58 12.6536 -0.182697 12.4709 27.9394 0 0 -0.257165 0.836988 -1.66616 4.92582 
3.59 12.688 -0.182697 12.5053 27.9394 0 0 -0.272424 0.799604 -1.69224 4.91692 
3.6 12.7223 -0.182697 12.5396 27.9394 0 0 -0.285957 0.757163 -1.71827 4.90789 
3.61 12.7566 -0.182698 12.5739 27.9394 0 0 -0.297415 0.709258 -1.74425 4.89871 
3.62 12.7908 -0.182698 12.6081 27.9394 0 0 -0.306342 0.655366 -1.77018 4.8894 
3.63 12.8249 -0.182698 12.6422 27.9394 0 0 -0.312114 0.594797 -1.79606 4.87995 
3.64 12.8589 -0.182699 12.6762 27.9394 0 0 -0.313844 0.526623 -1.8219 4.87037 
3.65 12.8929 -0.182699 12.7102 27.9394 0 0 -0.310189 0.449544 -1.84768 4.86064 
3.66 12.9269 -0.1827 12.7442 27.9394 0 0 -0.298934 0.361651 -1.87341 4.85079 
3.67 12.9608 -0.182702 12.7781 27.9394 0 0 -0.275956 0.259925 -1.89908 4.84079 
3.68 12.9947 -0.182705 12.812 27.9394 0 0 -0.231808 0.13918 -1.92471 4.83066 
3.69 13.0288 -0.182716 12.8461 27.9394 0 0 -0.133596 -0.0085637 -1.95028 4.82039 
3.7 13.0623 -0.182724 12.8796 27.9394 0 0 0.097271 -0.00907974 -1.97579 4.80999 
3.71 13.0952 -0.182706 12.9125 27.9394 0 0 0.205138 0.120527 -2.00125 4.79945 
3.72 13.1286 -0.182703 12.9459 27.9394 0 0 0.238067 0.204394 -2.02665 4.78878 
3.73 13.162 -0.182702 12.9793 27.9394 0 0 0.239124 0.261807 -2.052 4.77798 
3.74 13.1953 -0.182702 13.0126 27.9394 0 0 0.218532 0.295918 -2.07729 4.76704 
3.75 13.2286 -0.182702 13.0459 27.9394 0 0 0.180356 0.306445 -2.10252 4.75596 
3.76 13.2619 -0.182703 13.0792 27.9394 0 0 0.12616 0.289748 -2.12769 4.74475 
3.77 13.2951 -0.182706 13.1124 27.9394 0 0 0.0560842 0.23557 -2.1528 4.73341 
3.78 13.3289 -0.182721 13.1462 27.9394 0 0 -0.0275991 0.106832 -2.17785 4.72194 
3.79 13.3625 -0.182715 13.1798 27.9394 0 0 0.108994 -0.0901823 -2.20284 4.71033 
3.8 13.3947 -0.182701 13.212 27.9394 0 0 0.397254 -0.18095 -2.22777 4.69859 
3.81 13.4274 -0.182698 13.2447 27.9394 0 0 0.661443 -0.259794 -2.25264 4.68672 
3.82 13.46 -0.182697 13.2773 27.9394 0 0 0.917747 -0.335407 -2.27744 4.67472 
3.83 13.4926 -0.182696 13.3099 27.9394 0 0 1.16997 -0.409447 -2.30218 4.66259 
3.84 13.5251 -0.182696 13.3424 27.9394 0 0 1.41965 -0.482534 -2.32685 4.65032 
3.85 13.5575 -0.182695 13.3748 27.9394 0 0 1.66759 -0.55497 -2.35146 4.63793 
3.86 13.5898 -0.182695 13.4071 27.9394 0 0 1.91425 -0.62693 -2.376 4.6254 
3.87 13.6221 -0.182695 13.4394 27.9394 0 0 2.15992 -0.69852 -2.40048 4.61275 
3.88 13.6542 -0.182695 13.4715 27.9394 0 0 2.40482 -0.769815 -2.42489 4.59997 
3.89 13.6863 -0.182695 13.5036 27.9394 0 0 2.64907 -0.840867 -2.44923 4.58705 
3.9 13.7183 -0.182694 13.5356 27.9394 0 0 2.89279 -0.911714 -2.4735 4.57401 
3.91 13.7502 -0.182694 13.5675 27.9394 0 0 3.13605 -0.982386 -2.4977 4.56084 
3.92 13.7819 -0.182694 13.5993 27.9394 0 0 3.37892 -1.05291 -2.52183 4.54754 
3.93 13.8136 -0.182694 13.631 27.9394 0 0 3.62144 -1.12329 -2.54589 4.53411 
3.94 13.8453 -0.182694 13.6626 27.9394 0 0 3.86367 -1.19356 -2.56988 4.52056 
3.95 13.8768 -0.182694 13.6941 27.9394 0 0 4.10562 -1.26373 -2.5938 4.50688 
3.96 13.9082 -0.182694 13.7255 27.9394 0 0 4.34734 -1.3338 -2.61765 4.49307 
3.97 13.9395 -0.182694 13.7568 27.9394 0 0 4.58883 -1.40378 -2.64142 4.47914 
3.98 13.9707 -0.182694 13.788 27.9394 0 0 4.83013 -1.47369 -2.66511 4.46508 
3.99 14.0019 -0.182694 13.8192 27.9394 0 0 5.07125 -1.54353 -2.68874 4.45089 
4 14.0329 -0.182694 13.8502 27.9394 0 0 5.3122 -1.6133 -2.71228 4.43658 
4.01 14.0638 -0.182694 13.8811 27.9394 0 0 5.553 -1.68301 -2.73575 4.42215 
4.02 14.0946 -0.182694 13.9119 27.9394 0 0 5.79366 -1.75267 -2.75915 4.40759 
4.03 14.1254 -0.182694 13.9427 27.9394 0 0 6.03419 -1.82227 -2.78246 4.39291 
4.04 14.156 -0.182694 13.9733 27.9394 0 0 6.2746 -1.89183 -2.8057 4.3781 
4.05 14.1865 -0.182694 14.0038 27.9394 0 0 6.51489 -1.96135 -2.82886 4.36318 
4.06 14.2169 -0.182694 14.0342 27.9394 0 0 6.75508 -2.03082 -2.85194 4.34812 
4.07 14.2472 -0.182694 14.0645 27.9394 0 0 6.99517 -2.10026 -2.87494 4.33295 
4.08 14.2774 -0.182694 14.0947 27.9394 0 0 7.23516 -2.16966 -2.89786 4.31766 
4.09 14.3075 -0.182694 14.1248 27.9394 0 0 7.47507 -2.23902 -2.9207 4.30224 
4.1 14.3375 -0.182694 14.1548 27.9394 0 0 7.71489 -2.30835 -2.94345 4.2867 
4.11 14.3674 -0.182694 14.1847 27.9394 0 0 7.95464 -2.37766 -2.96612 4.27105 
4.12 14.3971 -0.182694 14.2144 27.9394 0 0 8.19431 -2.44693 -2.98871 4.25527 
4.13 14.4268 -0.182694 14.2441 27.9394 0 0 8.43391 -2.51618 -3.01122 4.23937 
4.14 14.4563 -0.182694 14.2736 27.9394 0 0 8.67344 -2.5854 -3.03364 4.22336 
4.15 14.4858 -0.182694 14.3031 27.9394 0 0 8.91291 -2.6546 -3.05598 4.20723 
4.16 14.5151 -0.182694 14.3324 27.9394 0 0 9.15231 -2.72378 -3.07823 4.19097 
4.17 14.5443 -0.182694 14.3616 27.9394 0 0 9.39166 -2.79293 -3.10039 4.1746 
4.18 14.5734 -0.182694 14.3907 27.9394 0 0 9.63096 -2.86207 -3.12247 4.15812 
4.19 14.6024 -0.182694 14.4197 27.9394 0 0 9.8702 -2.93118 -3.14446 4.14151 
4.2 14.6312 -0.182694 14.4485 27.9394 0 0 10.1094 -3.00028 -3.16636 4.12479 
4.21 14.66 -0.182694 14.4773 27.9394 0 0 10.3485 -3.06935 -3.18817 4.10796 
4.22 14.6886 -0.182694 14.5059 27.9394 0 0 10.5876 -3.13841 -3.20989 4.09101 
4.23 14.7171 -0.182694 14.5344 27.9394 0 0 10.8267 -3.20746 -3.23153 4.07394 
4.24 14.7455 -0.182694 14.5628 27.9394 0 0 11.0657 -3.27648 -3.25307 4.05676 
4.25 14.7737 -0.182694 14.591 27.9394 0 0 11.3047 -3.3455 -3.27452 4.03946 
4.26 14.8019 -0.182694 14.6192 27.9394 0 0 11.5436 -3.4145 -3.29588 4.02206 
4.27 14.8299 -0.182694 14.6472 27.9394 0 0 11.7825 -3.48348 -3.31714 4.00454 
4.28 14.8578 -0.182694 14.6751 27.9394 0 0 12.0213 -3.55245 -3.33831 3.9869 
4.29 14.8856 -0.182694 14.7029 27.9394 0 0 12.2601 -3.62141 -3.35939 3.96916 
4.3 14.9132 -0.182694 14.7305 27.9394 0 0 12.4989 -3.69036 -3.38038 3.9513 
4.31 14.9408 -0.182694 14.7581 27.9394 0 0 12.7377 -3.75929 -3.40127 3.93333 
4.32 14.9682 -0.182694 14.7855 27.9394 0 0 12.9764 -3.82822 -3.42206 3.91526 
4.33 14.9954 -0.182694 14.8127 27.9394 0 0 13.2151 -3.89713 -3.44276 3.89707 
4.34 15.0226 -0.182694 14.8399 27.9394 0 0 13.4537 -3.96603 -3.46336 3.87877 
4.35 15.0496 -0.182694 14.8669 27.9394 0 0 13.6923 -4.03492 -3.48386 3.86037 
4.36 15.0765 -0.182694 14.8938 27.9394 0 0 13.9309 -4.1038 -3.50427 3.84185 
4.37 15.1032 -0.182694 14.9205 27.9394 0 0 14.1695 -4.17267 -3.52458 3.82323 
4.38 15.1299 -0.182694 14.9472 27.9394 0 0 14.4081 -4.24154 -3.54479 3.8045 
4.39 15.1564 -0.182694 14.9737 27.9394 0 0 14.6466 -4.31039 -3.5649 3.78566 
4.4 15.1827 -0.182694 15 27.9394 0 0 14.8851 -4.37924 -3.58491 3.76672 
4.41 15.209 -0.182694 15.0263 27.9394 0 0 15.1235 -4.44807 -3.60482 3.74767 
4.42 15.2351 -0.182694 15.0524 27.9394 0 0 15.362 -4.5169 -3.62462 3.72852 
4.43 15.261 -0.182694 15.0783 27.9394 0 0 15.6004 -4.58572 -3.64433 3.70926 
4.44 15.2869 -0.182694 15.1042 27.9394 0 0 15.8388 -4.65454 -3.66393 3.6899 
4.45 15.3126 -0.182694 15.1299 27.9394 0 0 16.0772 -4.72334 -3.68343 3.67043 
4.46 15.3381 -0.182694 15.1554 27.9394 0 0 16.3155 -4.79214 -3.70283 3.65086 
4.47 15.3635 -0.182694 15.1809 27.9394 0 0 16.5539 -4.86093 -3.72212 3.63119 
4.48 15.3888 -0.182694 15.2061 27.9394 0 0 16.7922 -4.92972 -3.74131 3.61141 
4.49 15.414 -0.182694 15.2313 27.9394 0 0 17.0305 -4.9985 -3.7604 3.59154 
4.5 15.439 -0.182694 15.2563 27.9394 0 0 17.2688 -5.06727 -3.77937 3.57156 
4.51 15.4639 -0.182694 15.2812 27.9394 0 0 17.507 -5.13604 -3.79825 3.55149 
4.52 15.4886 -0.182694 15.3059 27.9394 0 0 17.7453 -5.2048 -3.81701 3.53131 
4.53 15.5132 -0.182693 15.3305 27.9394 0 0 17.9835 -5.27355 -3.83567 3.51104 
4.54 15.5376 -0.182693 15.3549 27.9394 0 0 18.2217 -5.3423 -3.85422 3.49066 
4.55 15.5619 -0.182693 15.3792 27.9394 0 0 18.4599 -5.41104 -3.87266 3.47019 
4.56 15.5861 -0.182693 15.4034 27.9394 0 0 18.6981 -5.47978 -3.891 3.44962 
4.57 15.6101 -0.182693 15.4274 27.9394 0 0 18.9362 -5.54851 -3.90922 3.42896 
4.58 15.634 -0.182693 15.4513 27.9394 0 0 19.1744 -5.61724 -3.92733 3.40819 
4.59 15.6577 -0.182693 15.475 27.9394 0 0 19.4125 -5.68596 -3.94534 3.38733 
4.6 15.6813 -0.182693 15.4986 27.9394 0 0 19.6506 -5.75468 -3.96323 3.36638 
4.61 15.7047 -0.182693 15.522 27.9394 0 0 19.8887 -5.82339 -3.98101 3.34533 
4.62 15.728 -0.182693 15.5453 27.9394 0 0 20.1268 -5.8921 -3.99868 3.32419 
4.63 15.7511 -0.182693 15.5684 27.9394 0 0 20.3649 -5.96081 -4.01624 3.30296 
4.64 15.7741 -0.182693 15.5914 27.9394 0 0 20.603 -6.0295 -4.03369 3.28163 
4.65 15.7969 -0.182693 15.6142 27.9394 0 0 20.841 -6.0982 -4.05102 3.26021 
4.66 15.8196 -0.182693 15.6369 27.9394 0 0 21.079 -6.16689 -4.06824 3.2387 
4.67 15.8422 -0.182693 15.6595 27.9394 0 0 21.3171 -6.23558 -4.08534 3.2171 
4.68 15.8646 -0.182693 15.6819 27.9394 0 0 21.5551 -6.30426 -4.10233 3.1954 
4.69 15.8868 -0.182693 15.7041 27.9394 0 0 21.7931 -6.37294 -4.11921 3.17362 
4.7 15.9089 -0.182693 15.7262 27.9394 0 0 22.031 -6.44161 -4.13596 3.15175 
4.71 15.9308 -0.182693 15.7481 27.9394 0 0 22.269 -6.51028 -4.15261 3.12979 
4.72 15.9526 -0.182693 15.7699 27.9394 0 0 22.507 -6.57895 -4.16913 3.10774 
4.73 15.9742 -0.182693 15.7915 27.9394 0 0 22.7449 -6.64761 -4.18554 3.08561 
4.74 15.9957 -0.182693 15.813 27.9394 0 0 22.9829 -6.71627 -4.20183 3.06339 
4.75 16.017 -0.182693 15.8343 27.9394 0 0 23.2208 -6.78493 -4.21801 3.04108 
4.76 16.0381 -0.182693 15.8554 27.9394 0 0 23.4587 -6.85358 -4.23406 3.01869 
4.77 16.0591 -0.182693 15.8764 27.9394 0 0 23.6966 -6.92223 -4.25 2.99621 
4.78 16.08 -0.182693 15.8973 27.9394 0 0 23.9345 -6.99088 -4.26581 2.97365 
4.79 16.1007 -0.182693 15.918 27.9394 0 0 24.1724 -7.05952 -4.28151 2.951 
4.8 16.1212 -0.182693 15.9385 27.9394 0 0 24.4103 -7.12816 -4.29709 2.92827 
4.81 16.1416 -0.182693 15.9589 27.9394 0 0 24.6481 -7.1968 -4.31254 2.90546 
4.82 16.1618 -0.182693 15.9791 27.9394 0 0 24.886 -7.26544 -4.32788 2.88257 
4.83 16.1818 -0.182693 15.9991 27.9394 0 0 25.1238 -7.33407 -4.34309 2.8596 
4.84 16.2017 -0.182693 16.019 27.9394 0 0 25.3617 -7.4027 -4.35818 2.83654 
4.85 16.2214 -0.182693 16.0387 27.9394 0 0 25.5995 -7.47132 -4.37315 2.81341 
4.86 16.241 -0.182693 16.0583 27.9394 0 0 25.8373 -7.53994 -4.388 2.7902 
4.87 16.2604 -0.182693 16.0777 27.9394 0 0 26.0751 -7.60857 -4.40272 2.76691 
4.88 16.2796 -0.182693 16.0969 27.9394 0 0 26.3129 -7.67718 -4.41732 2.74354 
4.89 16.2987 -0.182693 16.116 27.9394 0 0 26.5507 -7.7458 -4.4318 2.7201 
4.9 16.3176 -0.182693 16.1349 27.9394 0 0 26.7885 -7.81441 -4.44615 2.69657 
4.91 16.3363 -0.182693 16.1537 27.9394 0 0 27.0263 -7.88302 -4.46037 2.67298 
4.92 16.3549 -0.182693 16.1722 27.9394 0 0 27.264 -7.95163 -4.47447 2.6493 
4.93 16.3733 -0.182693 16.1907 27.9394 0 0 27.5018 -8.02023 -4.48845 2.62556 
4.94 16.3916 -0.182693 16.2089 27.9394 0 0 27.7396 -8.08883 -4.5023 2.60174 
4.95 16.4097 -0.182693 16.227 27.9394 0 0 27.9773 -8.15744 -4.51602 2.57784 
4.96 16.4276 -0.182693 16.2449 27.9394 0 0 28.215 -8.22603 -4.52962 2.55388 
4.97 16.4453 -0.182693 16.2627 27.9394 0 0 28.4528 -8.29463 -4.54309 2.52984 
4.98 16.4629 -0.182693 16.2802 27.9394 0 0 28.6905 -8.36322 -4.55643 2.50573 
4.99 16.4803 -0.182693 16.2976 27.9394 0 0 28.9282 -8.43181 -4.56964 2.48155 
5 16.4976 -0.182693 16.3149 27.9394 0 0 29.1659 -8.5004 -4.58273 2.45731 
5.01 16.5147 -0.182693 16.332 27.9394 0 0 29.4036 -8.56899 -4.59568 2.43299 
5.02 16.5316 -0.182693 16.3489 27.9394 0 0 29.6413 -8.63757 -4.60851 2.4086 
5.03 16.5483 -0.182693 16.3656 27.9394 0 0 29.879 -8.70616 -4.62121 2.38415 
5.04 16.5648 -0.182693 16.3822 27.9394 0 0 30.1167 -8.77474 -4.63378 2.35963 
5.05 16.5812 -0.182693 16.3985 27.9394 0 0 30.3544 -8.84332 -4.64622 2.33504 
5.06 16.5975 -0.182693 16.4148 27.9394 0 0 30.592 -8.91189 -4.65852 2.31039 
5.07 16.6135 -0.182693 16.4308 27.9394 0 0 30.8297 -8.98047 -4.6707 2.28567 
5.08 16.6294 -0.182693 16.4467 27.9394 0 0 31.0674 -9.04904 -4.68275 2.26089 
5.09 16.6451 -0.182693 16.4624 27.9394 0 0 31.305 -9.11761 -4.69466 2.23605 
5.1 16.6606 -0.182693 16.4779 27.9394 0 0 31.5427 -9.18618 -4.70644 2.21114 
5.11 16.676 -0.182693 16.4933 27.9394 0 0 31.7803 -9.25475 -4.71809 2.18617 
5.12 16.6911 -0.182693 16.5084 27.9394 0 0 32.0179 -9.32332 -4.72961 2.16114 
5.13 16.7061 -0.182693 16.5234 27.9394 0 0 32.2556 -9.39188 -4.741 2.13605 
5.14 16.721 -0.182693 16.5383 27.9394 0 0 32.4932 -9.46044 -4.75225 2.1109 
5.15 16.7356 -0.182693 16.5529 27.9394 0 0 32.7308 -9.529 -4.76337 2.08569 
5.16 16.7501 -0.182693 16.5674 27.9394 0 0 32.9684 -9.59756 -4.77435 2.06042 
5.17 16.7644 -0.182693 16.5817 27.9394 0 0 33.206 -9.66612 -4.7852 2.03509 
5.18 16.7785 -0.182693 16.5958 27.9394 0 0 33.4436 -9.73468 -4.79592 2.0097 
5.19 16.7925 -0.182693 16.6098 27.9394 0 0 33.6812 -9.80323 -4.8065 1.98426 
5.2 16.8062 -0.182693 16.6235 27.9394 0 0 33.9188 -9.87178 -4.81695 1.95877 
5.21 16.8198 -0.182693 16.6371 27.9394 0 0 34.1564 -9.94033 -4.82726 1.93322 
5.22 16.8332 -0.182693 16.6505 27.9394 0 0 34.394 -10.0089 -4.83743 1.90761 
5.23 16.8464 -0.182693 16.6638 27.9394 0 0 34.6315 -10.0774 -4.84747 1.88195 
5.24 16.8595 -0.182693 16.6768 27.9394 0 0 34.8691 -10.146 -4.85738 1.85624 
5.25 16.8724 -0.182693 16.6897 27.9394 0 0 35.1067 -10.2145 -4.86715 1.83047 
5.26 16.8851 -0.182693 16.7024 27.9394 0 0 35.3442 -10.2831 -4.87678 1.80466 
5.27 16.8976 -0.182693 16.7149 27.9394 0 0 35.5818 -10.3516 -4.88627 1.77879 
5.28 16.9099 -0.182693 16.7272 27.9394 0 0 35.8193 -10.4201 -4.89563 1.75288 
5.29 16.922 -0.182693 16.7394 27.9394 0 0 36.0569 -10.4887 -4.90485 1.72691 
5.3 16.934 -0.182693 16.7513 27.9394 0 0 36.2944 -10.5572 -4.91393 1.7009 
5.31 16.9458 -0.182693 16.7631 27.9394 0 0 36.5319 -10.6258 -4.92287 1.67483 
5.32 16.9574 -0.182693 16.7747 27.9394 0 0 36.7695 -10.6943 -4.93168 1.64873 
5.33 16.9688 -0.182693 16.7861 27.9394 0 0 37.007 -10.7628 -4.94035 1.62257 
5.34 16.9801 -0.182693 16.7974 27.9394 0 0 37.2445 -10.8314 -4.94887 1.59637 
5.35 16.9911 -0.182693 16.8084 27.9394 0 0 37.482 -10.8999 -4.95726 1.57012 
5.36 17.002 -0.182693 16.8193 27.9394 0 0 37.7196 -10.9684 -4.96551 1.54384 
5.37 17.0127 -0.182693 16.83 27.9394 0 0 37.9571 -11.037 -4.97362 1.5175 
5.38 17.0232 -0.182693 16.8405 27.9394 0 0 38.1946 -11.1055 -4.9816 1.49113 
5.39 17.0335 -0.182693 16.8508 27.9394 0 0 38.4321 -11.174 -4.98943 1.46471 
5.4 17.0436 -0.182693 16.8609 27.9394 0 0 38.6696 -11.2425 -4.99712 1.43825 
5.41 17.0536 -0.182693 16.8709 27.9394 0 0 38.9071 -11.3111 -5.00467 1.41175 
5.42 17.0634 -0.182693 16.8807 27.9394 0 0 39.1445 -11.3796 -5.01208 1.38521 
5.43 17.0729 -0.182693 16.8902 27.9394 0 0 39.382 -11.4481 -5.01935 1.35864 
5.44 17.0823 -0.182693 16.8996 27.9394 0 0 39.6195 -11.5166 -5.02648 1.33202 
5.45 17.0915 -0.182693 16.9088 27.9394 0 0 39.857 -11.5851 -5.03347 1.30537 
5.46 17.1006 -0.182693 16.9179 27.9394 0 0 40.0945 -11.6537 -5.04031 1.27868 
5.47 17.1094 -0.182693 16.9267 27.9394 0 0 40.3319 -11.7222 -5.04702 1.25195 
5.48 17.118 -0.182693 16.9353 27.9394 0 0 40.5694 -11.7907 -5.05358 1.22519 
5.49 17.1265 -0.182693 16.9438 27.9394 0 0 40.8068 -11.8592 -5.06 1.1984 
5.5 17.1348 -0.182693 16.9521 27.9394 0 0 41.0443 -11.9277 -5.06628 1.17157 
5.51 17.1429 -0.182693 16.9602 27.9394 0 0 41.2818 -11.9962 -5.07242 1.14471 
5.52 17.1508 -0.182693 16.9681 27.9394 0 0 41.5192 -12.0647 -5.07841 1.11781 
5.53 17.1585 -0.182693 16.9758 27.9394 0 0 41.7566 -12.1333 -5.08426 1.09089 
5.54 17.166 -0.182693 16.9833 27.9394 0 0 41.9941 -12.2018 -5.08997 1.06393 
5.55 17.1733 -0.182693 16.9906 27.9394 0 0 42.2315 -12.2703 -5.09554 1.03695 
5.56 17.1805 -0.182693 16.9978 27.9394 0 0 42.469 -12.3388 -5.10096 1.00993 
5.57 17.1874 -0.182693 17.0047 27.9394 0 0 42.7064 -12.4073 -5.10624 0.982889 
5.58 17.1942 -0.182693 17.0115 27.9394 0 0 42.9438 -12.4758 -5.11138 0.955818 
5.59 17.2008 -0.182693 17.0181 27.9394 0 0 43.1813 -12.5443 -5.11637 0.92872 
5.6 17.2072 -0.182693 17.0245 27.9394 0 0 43.4187 -12.6128 -5.12122 0.901597 
5.61 17.2134 -0.182693 17.0307 27.9394 0 0 43.6561 -12.6813 -5.12593 0.874448 
5.62 17.2194 -0.182693 17.0367 27.9394 0 0 43.8935 -12.7498 -5.13049 0.847275 
5.63 17.2252 -0.182693 17.0425 27.9394 0 0 44.1309 -12.8183 -5.13491 0.820077 
5.64 17.2308 -0.182693 17.0481 27.9394 0 0 44.3683 -12.8868 -5.13918 0.792857 
5.65 17.2363 -0.182693 17.0536 27.9394 0 0 44.6057 -12.9553 -5.14331 0.765614 
5.66 17.2415 -0.182693 17.0588 27.9394 0 0 44.8431 -13.0238 -5.14729 0.73835 
5.67 17.2466 -0.182693 17.0639 27.9394 0 0 45.0805 -13.0923 -5.15113 0.711066 
5.68 17.2515 -0.182693 17.0688 27.9394 0 0 45.3179 -13.1608 -5.15483 0.683761 
5.69 17.2561 -0.182693 17.0735 27.9394 0 0 45.5553 -13.2293 -5.15838 0.656437 
5.7 17.2606 -0.182693 17.0779 27.9394 0 0 45.7927 -13.2978 -5.16179 0.629095 
5.71 17.2649 -0.182693 17.0822 27.9394 0 0 46.0301 -13.3663 -5.16505 0.601735 
5.72 17.269 -0.182693 17.0863 27.9394 0 0 46.2675 -13.4348 -5.16816 0.574358 
5.73 17.273 -0.182693 17.0903 27.9394 0 0 46.5049 -13.5033 -5.17113 0.546965 
5.74 17.2767 -0.182693 17.094 27.9394 0 0 46.7423 -13.5718 -5.17396 0.519556 
5.75 17.2802 -0.182693 17.0975 27.9394 0 0 46.9796 -13.6403 -5.17664 0.492133 
5.76 17.2836 -0.182693 17.1009 27.9394 0 0 47.217 -13.7088 -5.17917 0.464696 
5.77 17.2867 -0.182693 17.104 27.9394 0 0 47.4544 -13.7772 -5.18156 0.437247 
5.78 17.2897 -0.182693 17.107 27.9394 0 0 47.6917 -13.8457 -5.18381 0.409784 
5.79 17.2924 -0.182693 17.1097 27.9394 0 0 47.9291 -13.9142 -5.18591 0.382311 
5.8 17.295 -0.182693 17.1123 27.9394 0 0 48.1665 -13.9827 -5.18786 0.354826 
5.81 17.2974 -0.182693 17.1147 27.9394 0 0 48.4038 -14.0512 -5.18967 0.327332 
5.82 17.2996 -0.182693 17.1169 27.9394 0 0 48.6412 -14.1197 -5.19133 0.299829 
5.83 17.3016 -0.182693 17.1189 27.9394 0 0 48.8785 -14.1882 -5.19285 0.272317 
5.84 17.3034 -0.182693 17.1207 27.9394 0 0 49.1159 -14.2566 -5.19422 0.244797 
5.85 17.305 -0.182693 17.1223 27.9394 0 0 49.3532 -14.3251 -5.19544 0.21727 
5.86 17.3064 -0.182693 17.1237 27.9394 0 0 49.5906 -14.3936 -5.19652 0.189738 
5.87 17.3076 -0.182693 17.1249 27.9394 0 0 49.8279 -14.4621 -5.19745 0.1622 
5.88 17.3087 -0.182693 17.126 27.9394 0 0 50.0653 -14.5306 -5.19824 0.134658 
5.89 17.3095 -0.182693 17.1268 27.9394 0 0 50.3026 -14.5991 -5.19888 0.107111 
5.9 17.3102 -0.182693 17.1275 27.9394 0 0 50.54 -14.6675 -5.19937 0.0795621 
5.91 17.3106 -0.182693 17.1279 27.9394 0 0 50.7773 -14.736 -5.19972 0.0520107 
5.92 17.3109 -0.182693 17.1282 27.9394 0 0 51.0146 -14.8045 -5.19992 0.0244577 
5.93 17.311 -0.182693 17.1283 27.9394 0 0 51.252 -14.873 -5.19998 -0.00309588 
5.94 17.3109 -0.182693 17.1282 27.9394 0 0 51.4893 -14.9414 -5.19989 -0.0306494 
5.95 17.3105 -0.182693 17.1279 27.9394 0 0 51.7266 -15.0099 -5.19966 -0.0582021 
5.96 17.31 -0.182693 17.1274 27.9394 0 0 51.9639 -15.0784 -5.19927 -0.0857531 
5.97 17.3094 -0.182693 17.1267 27.9394 0 0 52.2012 -15.1469 -5.19875 -0.113302 
5.98 17.3085 -0.182693 17.1258 27.9394 0 0 52.4386 -15.2154 -5.19807 -0.140847 
5.99 17.3074 -0.182693 17.1247 27.9394 0 0 52.6759 -15.2838 -5.19726 -0.168389 
6 17.3061 -0.182693 17.1234 27.9394 0 0 52.9132 -15.3523 -5.19629 -0.195925 
6.01 17.3047 -0.182693 17.122 27.9394 0 0 53.1505 -15.4208 -5.19518 -0.223457 
6.02 17.303 -0.182693 17.1203 27.9394 0 0 53.3878 -15.4892 -5.19392 -0.250982 
6.03 17.3011 -0.182693 17.1185 27.9394 0 0 53.6251 -15.5577 -5.19252 -0.2785 
6.04 17.2991 -0.182693 17.1164 27.9394 0 0 53.8624 -15.6262 -5.19097 -0.30601 
6.05 17.2969 -0.182693 17.1142 27.9394 0 0 54.0997 -15.6947 -5.18928 -0.333511 
6.06 17.2945 -0.182693 17.1118 27.9394 0 0 54.337 -15.7631 -5.18744 -0.361003 
6.07 17.2918 -0.182693 17.1091 27.9394 0 0 54.5743 -15.8316 -5.18545 -0.388485 
6.08 17.289 -0.182693 17.1063 27.9394 0 0 54.8116 -15.9001 -5.18332 -0.415957 
6.09 17.286 -0.182693 17.1033 27.9394 0 0 55.0489 -15.9685 -5.18104 -0.443416 
6.1 17.2828 -0.182693 17.1001 27.9394 0 0 55.2862 -16.037 -5.17862 -0.470863 
6.11 17.2795 -0.182693 17.0968 27.9394 0 0 55.5235 -16.1055 -5.17605 -0.498297 
6.12 17.2759 -0.182693 17.0932 27.9394 0 0 55.7608 -16.1739 -5.17334 -0.525717 
6.13 17.2721 -0.182693 17.0894 27.9394 0 0 55.9981 -16.2424 -5.17048 -0.553122 
6.14 17.2682 -0.182693 17.0855 27.9394 0 0 56.2353 -16.3109 -5.16748 -0.580511 
6.15 17.264 -0.182693 17.0813 27.9394 0 0 56.4726 -16.3793 -5.16433 -0.607884 
6.16 17.2597 -0.182693 17.077 27.9394 0 0 56.7099 -16.4478 -5.16104 -0.63524 
6.17 17.2551 -0.182693 17.0724 27.9394 0 0 56.9472 -16.5163 -5.1576 -0.662579 
6.18 17.2504 -0.182693 17.0677 27.9394 0 0 57.1845 -16.5847 -5.15402 -0.689898 
6.19 17.2455 -0.182693 17.0628 27.9394 0 0 57.4217 -16.6532 -5.15029 -0.717199 
6.2 17.2404 -0.182693 17.0577 27.9394 0 0 57.659 -16.7216 -5.14642 -0.744479 
6.21 17.2351 -0.182693 17.0524 27.9394 0 0 57.8963 -16.7901 -5.1424 -0.771738 
6.22 17.2296 -0.182693 17.0469 27.9394 0 0 58.1335 -16.8586 -5.13824 -0.798976 
6.23 17.224 -0.182693 17.0413 27.9394 0 0 58.3708 -16.927 -5.13393 -0.826191 
6.24 17.2181 -0.182693 17.0354 27.9394 0 0 58.6081 -16.9955 -5.12948 -0.853383 
6.25 17.212 -0.182693 17.0294 27.9394 0 0 58.8453 -17.0639 -5.12489 -0.880551 
6.26 17.2058 -0.182693 17.0231 27.9394 0 0 59.0826 -17.1324 -5.12015 -0.907694 
6.27 17.1994 -0.182693 17.0167 27.9394 0 0 59.3198 -17.2009 -5.11527 -0.934812 
6.28 17.1927 -0.182693 17.0101 27.9394 0 0 59.5571 -17.2693 -5.11024 -0.961904 
6.29 17.1859 -0.182693 17.0032 27.9394 0 0 59.7944 -17.3378 -5.10508 -0.988968 
6.3 17.1789 -0.182693 16.9962 27.9394 0 0 60.0316 -17.4062 -5.09976 -1.016 
6.31 17.1718 -0.182693 16.9891 27.9394 0 0 60.2689 -17.4747 -5.09431 -1.04301 
6.32 17.1644 -0.182693 16.9817 27.9394 0 0 60.5061 -17.5431 -5.08871 -1.06999 
6.33 17.1568 -0.182693 16.9741 27.9394 0 0 60.7434 -17.6116 -5.08297 -1.09694 
6.34 17.1491 -0.182693 16.9664 27.9394 0 0 60.9806 -17.6801 -5.07709 -1.12386 
6.35 17.1411 -0.182693 16.9584 27.9394 0 0 61.2178 -17.7485 -5.07106 -1.15075 
6.36 17.133 -0.182693 16.9503 27.9394 0 0 61.4551 -17.817 -5.06489 -1.1776 
6.37 17.1247 -0.182693 16.942 27.9394 0 0 61.6923 -17.8854 -5.05858 -1.20442 
6.38 17.1162 -0.182693 16.9335 27.9394 0 0 61.9296 -17.9539 -5.05213 -1.23121 
6.39 17.1075 -0.182693 16.9248 27.9394 0 0 62.1668 -18.0223 -5.04553 -1.25796 
6.4 17.0986 -0.182693 16.9159 27.9394 0 0 62.404 -18.0908 -5.0388 -1.28468 
6.41 17.0895 -0.182693 16.9069 27.9394 0 0 62.6413 -18.1592 -5.03192 -1.31136 
6.42 17.0803 -0.182693 16.8976 27.9394 0 0 62.8785 -18.2277 -5.0249 -1.33801 
6.43 17.0709 -0.182693 16.8882 27.9394 0 0 63.1157 -18.2961 -5.01774 -1.36461 
6.44 17.0612 -0.182693 16.8786 27.9394 0 0 63.353 -18.3646 -5.01044 -1.39118 
6.45 17.0514 -0.182693 16.8687 27.9394 0 0 63.5902 -18.433 -5.003 -1.41771 
6.46 17.0414 -0.182693 16.8588 27.9394 0 0 63.8274 -18.5015 -4.99541 -1.4442 
6.47 17.0313 -0.182693 16.8486 27.9394 0 0 64.0646 -18.5699 -4.98769 -1.47065 
6.48 17.0209 -0.182693 16.8382 27.9394 0 0 64.3019 -18.6384 -4.97983 -1.49706 
6.49 17.0104 -0.182693 16.8277 27.9394 0 0 64.5391 -18.7068 -4.97183 -1.52342 
6.5 16.9996 -0.182693 16.8169 27.9394 0 0 64.7763 -18.7753 -4.96369 -1.54975 
6.51 16.9887 -0.182693 16.806 27.9394 0 0 65.0135 -18.8437 -4.9554 -1.57603 
6.52 16.9776 -0.182693 16.7949 27.9394 0 0 65.2507 -18.9122 -4.94698 -1.60226 
6.53 16.9664 -0.182693 16.7837 27.9394 0 0 65.488 -18.9806 -4.93842 -1.62845 
6.54 16.9549 -0.182693 16.7722 27.9394 0 0 65.7252 -19.0491 -4.92973 -1.6546 
6.55 16.9433 -0.182693 16.7606 27.9394 0 0 65.9624 -19.1175 -4.92089 -1.6807 
6.56 16.9314 -0.182693 16.7487 27.9394 0 0 66.1996 -19.1859 -4.91192 -1.70675 
6.57 16.9194 -0.182693 16.7367 27.9394 0 0 66.4368 -19.2544 -4.9028 -1.73275 
6.58 16.9072 -0.182693 16.7245 27.9394 0 0 66.674 -19.3228 -4.89355 -1.7587 
6.59 16.8949 -0.182693 16.7122 27.9394 0 0 66.9112 -19.3913 -4.88417 -1.78461 
6.6 16.8823 -0.182693 16.6996 27.9394 0 0 67.1484 -19.4597 -4.87464 -1.81046 
6.61 16.8696 -0.182693 16.6869 27.9394 0 0 67.3856 -19.5282 -4.86498 -1.83627 
6.62 16.8567 -0.182693 16.674 27.9394 0 0 67.6228 -19.5966 -4.85518 -1.86202 
6.63 16.8436 -0.182693 16.6609 27.9394 0 0 67.86 -19.6651 -4.84525 -1.88772 
6.64 16.8303 -0.182693 16.6476 27.9394 0 0 68.0972 -19.7335 -4.83518 -1.91337 
6.65 16.8169 -0.182693 16.6342 27.9394 0 0 68.3344 -19.8019 -4.82497 -1.93896 
6.66 16.8032 -0.182693 16.6205 27.9394 0 0 68.5716 -19.8704 -4.81463 -1.9645 
6.67 16.7894 -0.182693 16.6067 27.9394 0 0 68.8088 -19.9388 -4.80415 -1.98999 
6.68 16.7755 -0.182693 16.5928 27.9394 0 0 69.046 -20.0073 -4.79354 -2.01541 
6.69 16.7613 -0.182693 16.5786 27.9394 0 0 69.2832 -20.0757 -4.78279 -2.04079 
6.7 16.747 -0.182693 16.5643 27.9394 0 0 69.5204 -20.1441 -4.77191 -2.0661 
6.71 16.7324 -0.182693 16.5497 27.9394 0 0 69.7576 -20.2126 -4.7609 -2.09136 
6.72 16.7178 -0.182693 16.5351 27.9394 0 0 69.9948 -20.281 -4.74975 -2.11655 
6.73 16.7029 -0.182693 16.5202 27.9394 0 0 70.232 -20.3495 -4.73847 -2.14169 
6.74 16.6878 -0.182693 16.5052 27.9394 0 0 70.4691 -20.4179 -4.72705 -2.16677 
6.75 16.6726 -0.182693 16.4899 27.9394 0 0 70.7063 -20.4863 -4.71551 -2.19179 
6.76 16.6572 -0.182693 16.4745 27.9394 0 0 70.9435 -20.5548 -4.70383 -2.21674 
6.77 16.6417 -0.182693 16.459 27.9394 0 0 71.1807 -20.6232 -4.69201 -2.24164 
6.78 16.6259 -0.182693 16.4432 27.9394 0 0 71.4179 -20.6916 -4.68007 -2.26647 
6.79 16.61 -0.182693 16.4273 27.9394 0 0 71.655 -20.7601 -4.668 -2.29123 
6.8 16.5939 -0.182693 16.4113 27.9394 0 0 71.8922 -20.8285 -4.65579 -2.31594 
6.81 16.5777 -0.182693 16.395 27.9394 0 0 72.1294 -20.897 -4.64345 -2.34057 
6.82 16.5613 -0.182693 16.3786 27.9394 0 0 72.3666 -20.9654 -4.63099 -2.36515 
6.83 16.5447 -0.182693 16.362 27.9394 0 0 72.6037 -21.0338 -4.61839 -2.38965 
6.84 16.5279 -0.182693 16.3452 27.9394 0 0 72.8409 -21.1023 -4.60566 -2.41409 
6.85 16.511 -0.182693 16.3283 27.9394 0 0 73.0781 -21.1707 -4.59281 -2.43846 
6.86 16.4938 -0.182693 16.3112 27.9394 0 0 73.3153 -21.2391 -4.57982 -2.46276 
6.87 16.4766 -0.182693 16.2939 27.9394 0 0 73.5524 -21.3076 -4.56671 -2.48699 
6.88 16.4591 -0.182693 16.2764 27.9394 0 0 73.7896 -21.376 -4.55346 -2.51116 
6.89 16.4415 -0.182693 16.2588 27.9394 0 0 74.0268 -21.4444 -4.54009 -2.53525 
6.9 16.4237 -0.182693 16.241 27.9394 0 0 74.2639 -21.5129 -4.5266 -2.55927 
6.91 16.4058 -0.182693 16.2231 27.9394 0 0 74.5011 -21.5813 -4.51297 -2.58322 
6.92 16.3876 -0.182693 16.2049 27.9394 0 0 74.7383 -21.6497 -4.49922 -2.6071 
6.93 16.3694 -0.182693 16.1867 27.9394 0 0 74.9754 -21.7182 -4.48534 -2.6309 
6.94 16.3509 -0.182693 16.1682 27.9394 0 0 75.2126 -21.7866 -4.47134 -2.65463 
6.95 16.3323 -0.182693 16.1496 27.9394 0 0 75.4497 -21.855 -4.45721 -2.67829 
6.96 16.3135 -0.182693 16.1308 27.9394 0 0 75.6869 -21.9235 -4.44296 -2.70187 
6.97 16.2946 -0.182693 16.1119 27.9394 0 0 75.9241 -21.9919 -4.42858 -2.72537 
6.98 16.2755 -0.182692 16.0928 27.9394 0 0 76.1612 -22.0603 -4.41408 -2.7488 
6.99 16.2562 -0.182692 16.0735 27.9394 0 0 76.3984 -22.1288 -4.39945 -2.77215 
7 16.2367 -0.182692 16.054 27.9394 0 0 76.6355 -22.1972 -4.3847 -2.79542 
7.01 16.2171 -0.182692 16.0344 27.9394 0 0 76.8727 -22.2656 -4.36983 -2.81862 
7.02 16.1974 -0.182692 16.0147 27.9394 0 0 77.1098 -22.334 -4.35483 -2.84173 
7.03 16.1775 -0.182692 15.9948 27.9394 0 0 77.347 -22.4025 -4.33971 -2.86477 
7.04 16.1574 -0.182692 15.9747 27.9394 0 0 77.5841 -22.4709 -4.32447 -2.88772 
7.05 16.1371 -0.182692 15.9544 27.9394 0 0 77.8213 -22.5393 -4.30911 -2.9106 
7.06 16.1167 -0.182692 15.934 27.9394 0 0 78.0584 -22.6078 -4.29362 -2.93339 
7.07 16.0962 -0.182692 15.9135 27.9394 0 0 78.2956 -22.6762 -4.27802 -2.9561 
7.08 16.0755 -0.182692 15.8928 27.9394 0 0 78.5327 -22.7446 -4.2623 -2.97872 
7.09 16.0546 -0.182692 15.8719 27.9394 0 0 78.7699 -22.813 -4.24645 -3.00127 
7.1 16.0335 -0.182692 15.8509 27.9394 0 0 79.007 -22.8815 -4.23049 -3.02373 
7.11 16.0124 -0.182692 15.8297 27.9394 0 0 79.2441 -22.9499 -4.21441 -3.0461 
7.12 15.991 -0.182692 15.8083 27.9394 0 0 79.4813 -23.0183 -4.19821 -3.06839 
7.13 15.9695 -0.182692 15.7868 27.9394 0 0 79.7184 -23.0867 -4.18189 -3.09059 
7.14 15.9479 -0.182692 15.7652 27.9394 0 0 79.9556 -23.1552 -4.16546 -3.11271 
7.15 15.926 -0.182692 15.7434 27.9394 0 0 80.1927 -23.2236 -4.14891 -3.13473 
7.16 15.9041 -0.182692 15.7214 27.9394 0 0 80.4298 -23.292 -4.13224 -3.15667 
7.17 15.882 -0.182692 15.6993 27.9394 0 0 80.667 -23.3605 -4.11545 -3.17853 
7.18 15.8597 -0.182692 15.677 27.9394 0 0 80.9041 -23.4289 -4.09856 -3.20029 
7.19 15.8373 -0.182692 15.6546 27.9394 0 0 81.1412 -23.4973 -4.08154 -3.22196 
7.2 15.8147 -0.182692 15.632 27.9394 0 0 81.3784 -23.5657 -4.06441 -3.24354 
7.21 15.792 -0.182692 15.6093 27.9394 0 0 81.6155 -23.6341 -4.04717 -3.26503 
7.22 15.7691 -0.182692 15.5864 27.9394 0 0 81.8526 -23.7026 -4.02981 -3.28643 
7.23 15.7461 -0.182692 15.5634 27.9394 0 0 82.0898 -23.771 -4.01234 -3.30774 
7.24 15.7229 -0.182692 15.5402 27.9394 0 0 82.3269 -23.8394 -3.99476 -3.32895 
7.25 15.6996 -0.182692 15.5169 27.9394 0 0 82.564 -23.9078 -3.97706 -3.35007 
7.26 15.6761 -0.182692 15.4935 27.9394 0 0 82.8011 -23.9763 -3.95925 -3.3711 
7.27 15.6525 -0.182692 15.4698 27.9394 0 0 83.0383 -24.0447 -3.94134 -3.39203 
7.28 15.6288 -0.182692 15.4461 27.9394 0 0 83.2754 -24.1131 -3.92331 -3.41287 
7.29 15.6049 -0.182692 15.4222 27.9394 0 0 83.5125 -24.1815 -3.90517 -3.43361 
7.3 15.5808 -0.182692 15.3981 27.9394 0 0 83.7496 -24.25 -3.88692 -3.45425 
7.31 15.5566 -0.182692 15.374 27.9394 0 0 83.9868 -24.3184 -3.86856 -3.4748 
7.32 15.5323 -0.182692 15.3496 27.9394 0 0 84.2239 -24.3868 -3.8501 -3.49525 
7.33 15.5078 -0.182692 15.3251 27.9394 0 0 84.461 -24.4552 -3.83152 -3.5156 
7.34 15.4832 -0.182692 15.3005 27.9394 0 0 84.6981 -24.5236 -3.81284 -3.53586 
7.35 15.4585 -0.182692 15.2758 27.9394 0 0 84.9352 -24.5921 -3.79405 -3.55601 
7.36 15.4336 -0.182692 15.2509 27.9394 0 0 85.1724 -24.6605 -3.77516 -3.57606 
7.37 15.4085 -0.182692 15.2258 27.9394 0 0 85.4095 -24.7289 -3.75615 -3.59602 
7.38 15.3834 -0.182692 15.2007 27.9394 0 0 85.6466 -24.7973 -3.73705 -3.61587 
7.39 15.358 -0.182692 15.1753 27.9394 0 0 85.8837 -24.8657 -3.71784 -3.63562 
7.4 15.3326 -0.182692 15.1499 27.9394 0 0 86.1208 -24.9342 -3.69852 -3.65527 
7.41 15.307 -0.182692 15.1243 27.9394 0 0 86.3579 -25.0026 -3.6791 -3.67482 
7.42 15.2813 -0.182692 15.0986 27.9394 0 0 86.595 -25.071 -3.65958 -3.69426 
7.43 15.2554 -0.182692 15.0727 27.9394 0 0 86.8321 -25.1394 -3.63995 -3.7136 
7.44 15.2294 -0.182692 15.0467 27.9394 0 0 87.0693 -25.2078 -3.62022 -3.73283 
7.45 15.2033 -0.182692 15.0206 27.9394 0 0 87.3064 -25.2763 -3.60039 -3.75196 
7.46 15.177 -0.182692 14.9943 27.9394 0 0 87.5435 -25.3447 -3.58046 -3.77099 
7.47 15.1506 -0.182692 14.9679 27.9394 0 0 87.7806 -25.4131 -3.56043 -3.78991 
7.48 15.1241 -0.182692 14.9414 27.9394 0 0 88.0177 -25.4815 -3.5403 -3.80872 
7.49 15.0974 -0.182692 14.9148 27.9394 0 0 88.2548 -25.5499 -3.52007 -3.82743 
7.5 15.0707 -0.182692 14.888 27.9394 0 0 88.4919 -25.6183 -3.49974 -3.84603 
7.51 15.0437 -0.182692 14.861 27.9394 0 0 88.729 -25.6868 -3.47931 -3.86452 
7.52 15.0167 -0.182692 14.834 27.9394 0 0 88.9661 -25.7552 -3.45878 -3.8829 
7.53 14.9895 -0.182692 14.8068 27.9394 0 0 89.2032 -25.8236 -3.43816 -3.90117 
7.54 14.9622 -0.182692 14.7795 27.9394 0 0 89.4403 -25.892 -3.41744 -3.91933 
7.55 14.9348 -0.182692 14.7521 27.9394 0 0 89.6774 -25.9604 -3.39662 -3.93739 
7.56 14.9072 -0.182692 14.7245 27.9394 0 0 89.9145 -26.0288 -3.37571 -3.95533 
7.57 14.8796 -0.182692 14.6969 27.9394 0 0 90.1516 -26.0973 -3.35471 -3.97316 
7.58 14.8518 -0.182692 14.6691 27.9394 0 0 90.3887 -26.1657 -3.33361 -3.99088 
7.59 14.8238 -0.182692 14.6411 27.9394 0 0 90.6258 -26.2341 -3.31241 -4.00849 
7.6 14.7958 -0.182692 14.6131 27.9394 0 0 90.8629 -26.3025 -3.29113 -4.02598 
7.61 14.7676 -0.182692 14.5849 27.9394 0 0 91.1 -26.3709 -3.26975 -4.04337 
7.62 14.7393 -0.182692 14.5566 27.9394 0 0 91.3371 -26.4393 -3.24828 -4.06064 
7.63 14.7109 -0.182692 14.5282 27.9394 0 0 91.5742 -26.5077 -3.22672 -4.07779 
7.64 14.6824 -0.182692 14.4997 27.9394 0 0 91.8113 -26.5762 -3.20507 -4.09483 
7.65 14.6537 -0.182692 14.471 27.9394 0 0 92.0484 -26.6446 -3.18332 -4.11176 
7.66 14.625 -0.182692 14.4423 27.9394 0 0 92.2855 -26.713 -3.16149 -4.12857 
7.67 14.5961 -0.182692 14.4134 27.9394 0 0 92.5225 -26.7814 -3.13957 -4.14526 
7.68 14.5671 -0.182692 14.3844 27.9394 0 0 92.7596 -26.8498 -3.11756 -4.16184 
7.69 14.538 -0.182692 14.3553 27.9394 0 0 92.9967 -26.9182 -3.09547 -4.1783 
7.7 14.5087 -0.182692 14.326 27.9394 0 0 93.2338 -26.9866 -3.07328 -4.19464 
7.71 14.4794 -0.182692 14.2967 27.9394 0 0 93.4709 -27.055 -3.05101 -4.21087 
7.72 14.4499 -0.182692 14.2672 27.9394 0 0 93.708 -27.1235 -3.02866 -4.22698 
7.73 14.4204 -0.182692 14.2377 27.9394 0 0 93.9451 -27.1919 -3.00622 -4.24296 
7.74 14.3907 -0.182692 14.208 27.9394 0 0 94.1822 -27.2603 -2.98369 -4.25883 
7.75 14.3609 -0.182692 14.1782 27.9394 0 0 94.4192 -27.3287 -2.96109 -4.27458 
7.76 14.331 -0.182692 14.1483 27.9394 0 0 94.6563 -27.3971 -2.9384 -4.29021 
7.77 14.301 -0.182692 14.1183 27.9394 0 0 94.8934 -27.4655 -2.91562 -4.30572 
7.78 14.2709 -0.182692 14.0882 27.9394 0 0 95.1305 -27.5339 -2.89277 -4.32111 
7.79 14.2406 -0.182692 14.058 27.9394 0 0 95.3676 -27.6023 -2.86983 -4.33638 
7.8 14.2103 -0.182692 14.0276 27.9394 0 0 95.6047 -27.6708 -2.84681 -4.35153 
7.81 14.1799 -0.182692 13.9972 27.9394 0 0 95.8417 -27.7392 -2.82371 -4.36655 
7.82 14.1493 -0.182692 13.9667 27.9394 0 0 96.0788 -27.8076 -2.80054 -4.38145 
7.83 14.1187 -0.182692 13.936 27.9394 0 0 96.3159 -27.876 -2.77728 -4.39623 
7.84 14.088 -0.182692 13.9053 27.9394 0 0 96.553 -27.9444 -2.75395 -4.41088 
7.85 14.0571 -0.182692 13.8744 27.9394 0 0 96.79 -28.0128 -2.73054 -4.42541 
7.86 14.0262 -0.182692 13.8435 27.9394 0 0 97.0271 -28.0812 -2.70705 -4.43982 
7.87 13.9951 -0.182692 13.8124 27.9394 0 0 97.2642 -28.1496 -2.68349 -4.4541 
7.88 13.964 -0.182692 13.7813 27.9394 0 0 97.5013 -28.218 -2.65985 -4.46826 
7.89 13.9327 -0.182692 13.75 27.9394 0 0 97.7383 -28.2864 -2.63614 -4.48229 
7.9 13.9014 -0.182692 13.7187 27.9394 0 0 97.9754 -28.3549 -2.61235 -4.49619 
7.91 13.8699 -0.182692 13.6872 27.9394 0 0 98.2125 -28.4233 -2.58849 -4.50997 
7.92 13.8384 -0.182692 13.6557 27.9394 0 0 98.4496 -28.4917 -2.56455 -4.52363 
7.93 13.8068 -0.182692 13.6241 27.9394 0 0 98.6866 -28.5601 -2.54055 -4.53715 
7.94 13.775 -0.182692 13.5923 27.9394 0 0 98.9237 -28.6285 -2.51647 -4.55055 
7.95 13.7432 -0.182692 13.5605 27.9394 0 0 99.1608 -28.6969 -2.49232 -4.56382 
7.96 13.7113 -0.182692 13.5286 27.9394 0 0 99.3978 -28.7653 -2.46811 -4.57696 
7.97 13.6793 -0.182692 13.4966 27.9394 0 0 99.6349 -28.8337 -2.44382 -4.58998 
7.98 13.6472 -0.182692 13.4645 27.9394 0 0 99.872 -28.9021 -2.41947 -4.60286 
7.99 13.615 -0.182692 13.4323 27.9394 0 0 100.109 -28.9705 -2.39504 -4.61562 
8 13.5828 -0.182692 13.4001 27.9394 0 0 100.346 -29.0389 -2.37055 -4.62824 
8.01 13.5504 -0.182692 13.3677 27.9394 0 0 100.583 -29.1073 -2.346 -4.64074 
8.02 13.518 -0.182692 13.3353 27.9394 0 0 100.82 -29.1757 -2.32137 -4.6531 
8.03 13.4854 -0.182692 13.3027 27.9394 0 0 101.057 -29.2441 -2.29668 -4.66534 
8.04 13.4528 -0.182692 13.2701 27.9394 0 0 101.294 -29.3126 -2.27193 -4.67744 
8.05 13.4201 -0.182692 13.2374 27.9394 0 0 101.531 -29.381 -2.24712 -4.68942 
8.06 13.3873 -0.182692 13.2046 27.9394 0 0 101.769 -29.4494 -2.22224 -4.70126 
8.07 13.3545 -0.182692 13.1718 27.9394 0 0 102.006 -29.5178 -2.19729 -4.71297 
8.08 13.3215 -0.182692 13.1388 27.9394 0 0 102.243 -29.5862 -2.17229 -4.72454 
8.09 13.2885 -0.182692 13.1058 27.9394 0 0 102.48 -29.6546 -2.14723 -4.73599 
8.1 13.2554 -0.182692 13.0727 27.9394 0 0 102.717 -29.723 -2.1221 -4.7473 
8.11 13.2222 -0.182692 13.0395 27.9394 0 0 102.954 -29.7914 -2.09692 -4.75848 
8.12 13.1889 -0.182692 13.0063 27.9394 0 0 103.191 -29.8598 -2.07167 -4.76952 
8.13 13.1556 -0.182692 12.9729 27.9394 0 0 103.428 -29.9282 -2.04637 -4.78043 
8.14 13.1222 -0.182692 12.9395 27.9394 0 0 103.665 -29.9966 -2.02101 -4.79121 
8.15 13.0887 -0.182692 12.906 27.9394 0 0 103.902 -30.065 -1.9956 -4.80185 
8.16 13.0551 -0.182692 12.8724 27.9394 0 0 104.139 -30.1334 -1.97013 -4.81236 
8.17 13.0215 -0.182692 12.8388 27.9394 0 0 104.376 -30.2018 -1.9446 -4.82273 
8.18 12.9878 -0.182692 12.8051 27.9394 0 0 104.613 -30.2702 -1.91902 -4.83296 
8.19 12.954 -0.182692 12.7713 27.9394 0 0 104.85 -30.3386 -1.89338 -4.84307 
8.2 12.9202 -0.182692 12.7375 27.9394 0 0 105.087 -30.407 -1.86769 -4.85303 
8.21 12.8862 -0.182692 12.7036 27.9394 0 0 105.324 -30.4754 -1.84195 -4.86286 
8.22 12.8523 -0.182692 12.6696 27.9394 0 0 105.561 -30.5438 -1.81616 -4.87255 
8.23 12.8182 -0.182692 12.6355 27.9394 0 0 105.798 -30.6122 -1.79032 -4.88211 
8.24 12.7841 -0.182692 12.6014 27.9394 0 0 106.036 -30.6806 -1.76442 -4.89152 
8.25 12.7499 -0.182692 12.5672 27.9394 0 0 106.273 -30.749 -1.73848 -4.9008 
8.26 12.7157 -0.182692 12.533 27.9394 0 0 106.51 -30.8175 -1.71249 -4.90995 
8.27 12.6813 -0.182692 12.4987 27.9394 0 0 106.747 -30.8859 -1.68645 -4.91895 
8.28 12.647 -0.182692 12.4643 27.9394 0 0 106.984 -30.9543 -1.66036 -4.92782 
8.29 12.6125 -0.182692 12.4298 27.9394 0 0 107.221 -31.0227 -1.63423 -4.93655 
8.3 12.578 -0.182692 12.3953 27.9394 0 0 107.458 -31.0911 -1.60805 -4.94514 
8.31 12.5435 -0.182692 12.3608 27.9394 0 0 107.695 -31.1595 -1.58182 -4.95359 
8.32 12.5089 -0.182692 12.3262 27.9394 0 0 107.932 -31.2279 -1.55555 -4.9619 
8.33 12.4742 -0.182692 12.2915 27.9394 0 0 108.169 -31.2963 -1.52924 -4.97007 
8.34 12.4395 -0.182692 12.2568 27.9394 0 0 108.406 -31.3647 -1.50288 -4.97811 
8.35 12.4047 -0.182692 12.222 27.9394 0 0 108.643 -31.4331 -1.47648 -4.986 
8.36 12.3698 -0.182692 12.1871 27.9394 0 0 108.88 -31.5015 -1.45004 -4.99376 
8.37 12.3349 -0.182692 12.1523 27.9394 0 0 109.117 -31.5699 -1.42356 -5.00137 
8.38 12.3 -0.182692 12.1173 27.9394 0 0 109.354 -31.6383 -1.39704 -5.00884 
8.39 12.265 -0.182692 12.0823 27.9394 0 0 109.591 -31.7067 -1.37048 -5.01617 
8.4 12.23 -0.182692 12.0473 27.9394 0 0 109.828 -31.7751 -1.34388 -5.02337 
8.41 12.1949 -0.182692 12.0122 27.9394 0 0 110.065 -31.8435 -1.31725 -5.03042 
8.42 12.1597 -0.182692 11.977 27.9394 0 0 110.302 -31.9119 -1.29057 -5.03733 
8.43 12.1245 -0.182692 11.9418 27.9394 0 0 110.539 -31.9803 -1.26386 -5.04409 
8.44 12.0893 -0.182692 11.9066 27.9394 0 0 110.776 -32.0487 -1.23712 -5.05072 
8.45 12.054 -0.182692 11.8713 27.9394 0 0 111.013 -32.1171 -1.21034 -5.0572 
8.46 12.0187 -0.182692 11.836 27.9394 0 0 111.25 -32.1855 -1.18353 -5.06355 
8.47 11.9833 -0.182692 11.8006 27.9394 0 0 111.488 -32.2539 -1.15668 -5.06975 
8.48 11.9479 -0.182692 11.7652 27.9394 0 0 111.725 -32.3223 -1.1298 -5.0758 
8.49 11.9124 -0.182692 11.7297 27.9394 0 0 111.962 -32.3907 -1.10289 -5.08172 
8.5 11.8769 -0.182692 11.6942 27.9394 0 0 112.199 -32.4591 -1.07595 -5.08749 
8.51 11.8414 -0.182692 11.6587 27.9394 0 0 112.436 -32.5275 -1.04897 -5.09312 
8.52 11.8058 -0.182692 11.6231 27.9394 0 0 112.673 -32.5959 -1.02197 -5.09861 
8.53 11.7702 -0.182692 11.5875 27.9394 0 0 112.91 -32.6643 -0.994942 -5.10395 
8.54 11.7345 -0.182692 11.5518 27.9394 0 0 113.147 -32.7327 -0.967884 -5.10915 
8.55 11.6988 -0.182692 11.5161 27.9394 0 0 113.384 -32.8011 -0.940798 -5.11421 
8.56 11.6631 -0.182692 11.4804 27.9394 0 0 113.621 -32.8695 -0.913687 -5.11912 
8.57 11.6273 -0.182692 11.4446 27.9394 0 0 113.858 -32.9379 -0.886549 -5.12389 
8.58 11.5915 -0.182692 11.4089 27.9394 0 0 114.095 -33.0063 -0.859387 -5.12852 
8.59 11.5557 -0.182692 11.373 27.9394 0 0 114.332 -33.0747 -0.8322 -5.133 
8.6 11.5199 -0.182692 11.3372 27.9394 0 0 114.569 -33.143 -0.80499 -5.13734 
8.61 11.484 -0.182692 11.3013 27.9394 0 0 114.806 -33.2114 -0.777758 -5.14153 
8.62 11.4481 -0.182691 11.2654 27.9394 0 0 115.043 -33.2798 -0.750504 -5.14558 
8.63 11.4121 -0.182691 11.2294 27.9394 0 0 115.28 -33.3482 -0.723228 -5.14949 
8.64 11.3762 -0.182691 11.1935 27.9394 0 0 115.517 -33.4166 -0.695932 -5.15325 
8.65 11.3402 -0.182691 11.1575 27.9394 0 0 115.754 -33.485 -0.668617 -5.15686 
8.66 11.3042 -0.182691 11.1215 27.9394 0 0 115.991 -33.5534 -0.641283 -5.16033 
8.67 11.2681 -0.182691 11.0854 27.9394 0 0 116.228 -33.6218 -0.613931 -5.16366 
8.68 11.2321 -0.182691 11.0494 27.9394 0 0 116.465 -33.6902 -0.586562 -5.16684 
8.69 11.196 -0.182691 11.0133 27.9394 0 0 116.702 -33.7586 -0.559176 -5.16987 
8.7 11.1599 -0.182691 10.9772 27.9394 0 0 116.939 -33.827 -0.531775 -5.17276 
8.71 11.1237 -0.182691 10.941 27.9394 0 0 117.176 -33.8954 -0.504358 -5.17551 
8.72 11.0876 -0.182691 10.9049 27.9394 0 0 117.413 -33.9638 -0.476928 -5.17811 
8.73 11.0514 -0.182691 10.8687 27.9394 0 0 117.65 -34.0322 -0.449484 -5.18056 
8.74 11.0152 -0.182691 10.8326 27.9394 0 0 117.887 -34.1006 -0.422028 -5.18287 
8.75 10.9791 -0.182691 10.7964 27.9394 0 0 118.124 -34.169 -0.394559 -5.18504 
8.76 10.9428 -0.182691 10.7602 27.9394 0 0 118.361 -34.2374 -0.36708 -5.18705 
8.77 10.9066 -0.182691 10.7239 27.9394 0 0 118.598 -34.3058 -0.33959 -5.18893 
8.78 10.8704 -0.182691 10.6877 27.9394 0 0 118.835 -34.3742 -0.312091 -5.19065 
8.79 10.8341 -0.182691 10.6514 27.9394 0 0 119.072 -34.4426 -0.284583 -5.19223 
8.8 10.7979 -0.182691 10.6152 27.9394 0 0 119.309 -34.511 -0.257067 -5.19367 
8.81 10.7616 -0.182691 10.5789 27.9394 0 0 119.546 -34.5794 -0.229543 -5.19496 
8.82 10.7253 -0.182691 10.5427 27.9394 0 0 119.784 -34.6478 -0.202014 -5.1961 
8.83 10.6891 -0.182691 10.5064 27.9394 0 0 120.021 -34.7162 -0.174478 -5.1971 
8.84 10.6528 -0.182691 10.4701 27.9394 0 0 120.258 -34.7845 -0.146938 -5.19795 
8.85 10.6165 -0.182691 10.4338 27.9394 0 0 120.495 -34.8529 -0.119394 -5.19866 
8.86 10.5802 -0.182691 10.3975 27.9394 0 0 120.732 -34.9213 -0.091846 -5.19922 
8.87 10.5439 -0.182691 10.3612 27.9394 0 0 120.969 -34.9897 -0.0642956 -5.19963 
8.88 10.5076 -0.182691 10.3249 27.9394 0 0 121.206 -35.0581 -0.0367435 -5.1999 
8.89 10.4713 -0.182691 10.2886 27.9394 0 0 121.443 -35.1265 -0.00919036 -5.20002 
8.9 10.435 -0.182691 10.2523 27.9394 0 0 121.68 -35.1949 0.0183631 -5.2 
8.91 10.3987 -0.182691 10.216 27.9394 0 0 121.917 -35.2633 0.045916 -5.19983 
8.92 10.3623 -0.182691 10.1797 27.9394 0 0 122.154 -35.3317 0.0734676 -5.19951 
8.93 10.326 -0.182691 10.1434 27.9394 0 0 122.391 -35.4001 0.101017 -5.19905 
8.94 10.2897 -0.182691 10.1071 27.9394 0 0 122.628 -35.4685 0.128564 -5.19844 
8.95 10.2535 -0.182691 10.0708 27.9394 0 0 122.865 -35.5369 0.156107 -5.19769 
8.96 10.2172 -0.182691 10.0345 27.9394 0 0 123.102 -35.6053 0.183646 -5.19679 
8.97 10.1809 -0.182691 9.9982 27.9394 0 0 123.339 -35.6737 0.211179 -5.19574 
8.98 10.1446 -0.182691 9.96192 27.9394 0 0 123.576 -35.7421 0.238707 -5.19455 
8.99 10.1084 -0.182691 9.92566 27.9394 0 0 123.813 -35.8104 0.266228 -5.19321 
9 10.0721 -0.182691 9.88941 27.9394 0 0 124.05 -35.8788 0.293741 -5.19173 
9.01 10.0359 -0.182691 9.85316 27.9394 0 0 124.287 -35.9472 0.321246 -5.1901 
9.02 9.99962 -0.182691 9.81693 27.9394 0 0 124.524 -36.0156 0.348743 -5.18832 
9.03 9.96341 -0.182691 9.78071 27.9394 0 0 124.761 -36.084 0.376229 -5.1864 
9.04 9.9272 -0.182691 9.74451 27.9394 0 0 124.998 -36.1524 0.403705 -5.18434 
9.05 9.89101 -0.182691 9.70832 27.9394 0 0 125.235 -36.2208 0.431169 -5.18212 
9.06 9.85484 -0.182691 9.67215 27.9394 0 0 125.472 -36.2892 0.458622 -5.17977 
9.07 9.81868 -0.182691 9.63599 27.9394 0 0 125.709 -36.3576 0.486061 -5.17726 
9.08 9.78254 -0.182691 9.59985 27.9394 0 0 125.946 -36.426 0.513487 -5.17462 
9.09 9.74642 -0.182691 9.56373 27.9394 0 0 126.183 -36.4944 0.540899 -5.17182 
9.1 9.71032 -0.182691 9.52763 27.9394 0 0 126.42 -36.5628 0.568295 -5.16888 
9.11 9.67425 -0.182691 9.49156 27.9394 0 0 126.657 -36.6311 0.595675 -5.1658 
9.12 9.63819 -0.182691 9.4555 27.9394 0 0 126.894 -36.6995 0.623039 -5.16257 
9.13 9.60216 -0.182691 9.41947 27.9394 0 0 127.131 -36.7679 0.650385 -5.1592 
9.14 9.56615 -0.182691 9.38346 27.9394 0 0 127.368 -36.8363 0.677713 -5.15568 
9.15 9.53016 -0.182691 9.34747 27.9394 0 0 127.605 -36.9047 0.705022 -5.15202 
9.16 9.49421 -0.182691 9.31151 27.9394 0 0 127.842 -36.9731 0.732311 -5.14821 
9.17 9.45827 -0.182691 9.27558 27.9394 0 0 128.079 -37.0415 0.759579 -5.14426 
9.18 9.42237 -0.182691 9.23968 27.9394 0 0 128.316 -37.1099 0.786826 -5.14016 
9.19 9.3865 -0.182691 9.20381 27.9394 0 0 128.553 -37.1783 0.814051 -5.13592 
9.2 9.35065 -0.182691 9.16796 27.9394 0 0 128.79 -37.2467 0.841253 -5.13153 
9.21 9.31484 -0.182691 9.13215 27.9394 0 0 129.027 -37.3151 0.868432 -5.127 
9.22 9.27906 -0.182691 9.09637 27.9394 0 0 129.264 -37.3834 0.895586 -5.12233 
9.23 9.24331 -0.182691 9.06062 27.9394 0 0 129.501 -37.4518 0.922715 -5.11751 
9.24 9.2076 -0.182691 9.02491 27.9394 0 0 129.738 -37.5202 0.949818 -5.11255 
9.25 9.17192 -0.182691 8.98923 27.9394 0 0 129.975 -37.5886 0.976895 -5.10745 
9.26 9.13628 -0.182691 8.95359 27.9394 0 0 130.212 -37.657 1.00394 -5.1022 
9.27 9.10068 -0.182691 8.91798 27.9394 0 0 130.449 -37.7254 1.03096 -5.09681 
9.28 9.06511 -0.182691 8.88242 27.9394 0 0 130.686 -37.7938 1.05796 -5.09127 
9.29 9.02958 -0.182691 8.84689 27.9394 0 0 130.923 -37.8622 1.08492 -5.0856 
9.3 8.99409 -0.182691 8.8114 27.9394 0 0 131.16 -37.9306 1.11185 -5.07978 
9.31 8.95865 -0.182691 8.77596 27.9394 0 0 131.397 -37.9989 1.13875 -5.07381 
9.32 8.92324 -0.182691 8.74055 27.9394 0 0 131.634 -38.0673 1.16562 -5.06771 
9.33 8.88788 -0.182691 8.70519 27.9394 0 0 131.871 -38.1357 1.19246 -5.06146 
9.34 8.85257 -0.182691 8.66987 27.9394 0 0 132.108 -38.2041 1.21926 -5.05507 
9.35 8.81729 -0.182691 8.6346 27.9394 0 0 132.345 -38.2725 1.24603 -5.04854 
9.36 8.78207 -0.182691 8.59938 27.9394 0 0 132.582 -38.3409 1.27276 -5.04187 
9.37 8.74689 -0.182691 8.5642 27.9394 0 0 132.819 -38.4093 1.29946 -5.03505 
9.38 8.71176 -0.182691 8.52907 27.9394 0 0 133.056 -38.4777 1.32612 -5.0281 
9.39 8.67668 -0.182691 8.49399 27.9394 0 0 133.293 -38.5461 1.35274 -5.021 
9.4 8.64165 -0.182691 8.45895 27.9394 0 0 133.53 -38.6144 1.37933 -5.01376 
9.41 8.60667 -0.182691 8.42397 27.9394 0 0 133.767 -38.6828 1.40587 -5.00638 
9.42 8.57174 -0.182691 8.38905 27.9394 0 0 134.004 -38.7512 1.43238 -4.99886 
9.43 8.53686 -0.182691 8.35417 27.9394 0 0 134.241 -38.8196 1.45885 -4.9912 
9.44 8.50204 -0.182691 8.31935 27.9394 0 0 134.478 -38.888 1.48527 -4.9834 
9.45 8.46727 -0.182691 8.28458 27.9394 0 0 134.715 -38.9564 1.51166 -4.97546 
9.46 8.43256 -0.182691 8.24987 27.9394 0 0 134.952 -39.0248 1.538 -4.96739 
9.47 8.39791 -0.182691 8.21522 27.9394 0 0 135.189 -39.0932 1.5643 -4.95917 
9.48 8.36331 -0.182691 8.18062 27.9394 0 0 135.426 -39.1615 1.59056 -4.95081 
9.49 8.32878 -0.182691 8.14609 27.9394 0 0 135.663 -39.2299 1.61677 -4.94231 
9.5 8.2943 -0.182691 8.11161 27.9394 0 0 135.9 -39.2983 1.64293 -4.93367 
9.51 8.25988 -0.182691 8.07719 27.9394 0 0 136.137 -39.3667 1.66905 -4.9249 
9.52 8.22553 -0.182691 8.04284 27.9394 0 0 136.374 -39.4351 1.69512 -4.91599 
9.53 8.19124 -0.182691 8.00855 27.9394 0 0 136.611 -39.5035 1.72115 -4.90694 
9.54 8.15701 -0.182691 7.97432 27.9394 0 0 136.848 -39.5719 1.74712 -4.89775 
9.55 8.12284 -0.182691 7.94015 27.9394 0 0 137.085 -39.6402 1.77305 -4.88842 
9.56 8.08875 -0.182691 7.90606 27.9394 0 0 137.322 -39.7086 1.79893 -4.87896 
9.57 8.05472 -0.182691 7.87202 27.9394 0 0 137.559 -39.777 1.82475 -4.86936 
9.58 8.02075 -0.182691 7.83806 27.9394 0 0 137.796 -39.8454 1.85053 -4.85962 
9.59 7.98686 -0.182691 7.80416 27.9394 0 0 138.033 -39.9138 1.87625 -4.84975 
9.6 7.95303 -0.182691 7.77034 27.9394 0 0 138.27 -39.9822 1.90192 -4.83974 
9.61 7.91927 -0.182691 7.73658 27.9394 0 0 138.507 -40.0506 1.92754 -4.82959 
9.62 7.88559 -0.182691 7.7029 27.9394 0 0 138.744 -40.1189 1.9531 -4.81931 
9.63 7.85198 -0.182691 7.66929 27.9394 0 0 138.981 -40.1873 1.97861 -4.80889 
9.64 7.81844 -0.182691 7.63575 27.9394 0 0 139.218 -40.2557 2.00407 -4.79834 
9.65 7.78497 -0.182691 7.60228 27.9394 0 0 139.455 -40.3241 2.02946 -4.78766 
9.66 7.75158 -0.182691 7.56889 27.9394 0 0 139.692 -40.3925 2.0548 -4.77684 
9.67 7.71827 -0.182691 7.53558 27.9394 0 0 139.929 -40.4609 2.08008 -4.76588 
9.68 7.68503 -0.182691 7.50234 27.9394 0 0 140.166 -40.5293 2.10531 -4.75479 
9.69 7.65187 -0.182691 7.46918 27.9394 0 0 140.403 -40.5976 2.13047 -4.74357 
9.7 7.61879 -0.182691 7.4361 27.9394 0 0 140.64 -40.666 2.15558 -4.73222 
9.71 7.58579 -0.182691 7.4031 27.9394 0 0 140.877 -40.7344 2.18062 -4.72073 
9.72 7.55287 -0.182691 7.37018 27.9394 0 0 141.114 -40.8028 2.2056 -4.70911 
9.73 7.52004 -0.182691 7.33735 27.9394 0 0 141.35 -40.8712 2.23053 -4.69735 
9.74 7.48728 -0.182691 7.30459 27.9394 0 0 141.587 -40.9396 2.25538 -4.68547 
9.75 7.45461 -0.182691 7.27192 27.9394 0 0 141.824 -41.0079 2.28018 -4.67345 
9.76 7.42202 -0.182691 7.23933 27.9394 0 0 142.061 -41.0763 2.30491 -4.66131 
9.77 7.38952 -0.182691 7.20683 27.9394 0 0 142.298 -41.1447 2.32958 -4.64903 
9.78 7.3571 -0.182691 7.17441 27.9394 0 0 142.535 -41.2131 2.35418 -4.63662 
9.79 7.32477 -0.182691 7.14208 27.9394 0 0 142.772 -41.2815 2.37871 -4.62408 
9.8 7.29253 -0.182691 7.10984 27.9394 0 0 143.009 -41.3499 2.40318 -4.61141 
9.81 7.26038 -0.182691 7.07769 27.9394 0 0 143.246 -41.4182 2.42758 -4.59861 
9.82 7.22832 -0.182691 7.04563 27.9394 0 0 143.483 -41.4866 2.45191 -4.58569 
9.83 7.19634 -0.182691 7.01365 27.9394 0 0 143.72 -41.555 2.47618 -4.57263 
9.84 7.16446 -0.182691 6.98177 27.9394 0 0 143.957 -41.6234 2.50037 -4.55944 
9.85 7.13268 -0.182691 6.94999 27.9394 0 0 144.194 -41.6918 2.5245 -4.54613 
9.86 7.10098 -0.182691 6.91829 27.9394 0 0 144.431 -41.7602 2.54855 -4.53269 
9.87 7.06938 -0.182691 6.88669 27.9394 0 0 144.668 -41.8285 2.57253 -4.51912 
9.88 7.03788 -0.182691 6.85519 27.9394 0 0 144.905 -41.8969 2.59644 -4.50543 
9.89 7.00647 -0.182691 6.82378 27.9394 0 0 145.142 -41.9653 2.62028 -4.49161 
9.9 6.97516 -0.182691 6.79247 27.9394 0 0 145.379 -42.0337 2.64404 -4.47766 
9.91 6.94394 -0.182691 6.76125 27.9394 0 0 145.616 -42.1021 2.66773 -4.46359 
9.92 6.91283 -0.182691 6.73014 27.9394 0 0 145.853 -42.1705 2.69134 -4.44939 
9.93 6.88181 -0.182691 6.69912 27.9394 0 0 146.09 -42.2388 2.71488 -4.43507 
9.94 6.8509 -0.182691 6.6682 27.9394 0 0 146.327 -42.3072 2.73834 -4.42062 
9.95 6.82008 -0.182691 6.63739 27.9394 0 0 146.564 -42.3756 2.76173 -4.40605 
9.96 6.78937 -0.182691 6.60668 27.9394 0 0 146.801 -42.444 2.78503 -4.39135 
9.97 6.75876 -0.182691 6.57607 27.9394 0 0 147.038 -42.5124 2.80826 -4.37654 
9.98 6.72826 -0.182691 6.54557 27.9394 0 0 147.275 -42.5808 2.83141 -4.36159 
9.99 6.69786 -0.182691 6.51516 27.9394 0 0 147.512 -42.6491 2.85448 -4.34653 
10 6.66756 -0.182691 6.48487 27.9394 0 0 147.749 -42.7175 2.87747 -4.33134 
