sun earth 
0 5.92176e-05 -3e-06 5.62176e-05 6.2832 0 0 1 0 
0.1 5.92061e-05 -3.00245e-06 5.62036e-05 6.27746 0 0 0.808871 0.586598 
0.2 5.93299e-05 -3.00834e-06 5.63216e-05 6.27167 0 0 0.308739 0.948231 
0.3 5.95852e-05 -3.01762e-06 5.65676e-05 6.26578 0 0 -0.309344 0.94481 
0.4 5.9919e-05 -3.02898e-06 5.689e-05 6.25971 0 0 -0.806417 0.575021 
0.5 6.02485e-05 -3.04035e-06 5.72081e-05 6.25343 0 0 -0.986536 -0.0194537 
0.6 6.04921e-05 -3.04968e-06 5.74424e-05 6.24694 0 0 -0.775543 -0.605159 
0.7 6.06029e-05 -3.05575e-06 5.75471e-05 6.24027 0 0 -0.254959 -0.948071 
0.8 6.05888e-05 -3.05873e-06 5.75301e-05 6.23349 0 0 0.367383 -0.909393 
0.9 6.05098e-05 -3.06009e-06 5.74497e-05 6.22667 0 0 0.840829 -0.504102 
1 6.0452e-05 -3.06199e-06 5.739e-05 6.21983 0 0 0.974193 0.104254 
1.1 6.04925e-05 -3.06639e-06 5.74261e-05 6.21297 0 0 0.713274 0.669633 
1.2 6.06699e-05 -3.0743e-06 5.75956e-05 6.20601 0 0 0.163025 0.962118 
1.3 6.09694e-05 -3.08539e-06 5.7884e-05 6.19889 0 0 -0.452913 0.860397 
1.4 6.13283e-05 -3.09813e-06 5.82302e-05 6.19153 0 0 -0.880365 0.40325 
1.5 6.166e-05 -3.11035e-06 5.85496e-05 6.18389 0 0 -0.938735 -0.221534 
1.6 6.18897e-05 -3.12016e-06 5.87695e-05 6.17597 0 0 -0.599995 -0.751312 
1.7 6.19876e-05 -3.12676e-06 5.88608e-05 6.16784 0 0 -0.00586131 -0.959443 
1.8 6.19829e-05 -3.13084e-06 5.8852e-05 6.15957 0 0 0.589761 -0.755212 
1.9 6.19506e-05 -3.13428e-06 5.88163e-05 6.15123 0 0 0.930161 -0.225727 
2 6.19782e-05 -3.13926e-06 5.88389e-05 6.14281 0 0 0.867661 0.40051 
2.1 6.21284e-05 -3.14742e-06 5.8981e-05 6.13428 0 0 0.428255 0.851538 
2.2 6.24132e-05 -3.15909e-06 5.92541e-05 6.12555 0 0 -0.197648 0.928844 
2.3 6.2789e-05 -3.17325e-06 5.96157e-05 6.11652 0 0 -0.734578 0.595132 
2.4 6.3174e-05 -3.18787e-06 5.99861e-05 6.10711 0 0 -0.941057 -0.0042459 
2.5 6.34842e-05 -3.20085e-06 6.02834e-05 6.09731 0 0 -0.719964 -0.600078 
2.6 6.3672e-05 -3.21095e-06 6.04611e-05 6.08716 0 0 -0.168939 -0.918903 
2.7 6.37502e-05 -3.21844e-06 6.05318e-05 6.07674 0 0 0.459025 -0.811269 
2.8 6.37862e-05 -3.22499e-06 6.05612e-05 6.06612 0 0 0.871441 -0.325468 
2.9 6.38696e-05 -3.23284e-06 6.06367e-05 6.05533 0 0 0.873984 0.311918 
3 6.40705e-05 -3.2438e-06 6.08267e-05 6.04431 0 0 0.463552 0.800282 
3.1 6.44078e-05 -3.25842e-06 6.11493e-05 6.03295 0 0 -0.166815 0.905454 
3.2 6.48405e-05 -3.27575e-06 6.15647e-05 6.02113 0 0 -0.714527 0.572871 
3.3 6.52861e-05 -3.29378e-06 6.19923e-05 6.00872 0 0 -0.909955 -0.0394201 
3.4 6.56605e-05 -3.31041e-06 6.23501e-05 5.99569 0 0 -0.651567 -0.629857 
3.5 6.59209e-05 -3.32453e-06 6.25963e-05 5.98209 0 0 -0.0649905 -0.90004 
3.6 6.60901e-05 -3.33667e-06 6.27534e-05 5.96799 0 0 0.552784 -0.70909 
3.7 6.62452e-05 -3.34874e-06 6.28964e-05 5.95345 0 0 0.882799 -0.152411 
3.8 6.64777e-05 -3.36306e-06 6.31146e-05 5.93847 0 0 0.750735 0.481811 
3.9 6.68467e-05 -3.3812e-06 6.34655e-05 5.92292 0 0 0.22253 0.8589 
