sun earth jupiter 
0 3.60626 -7.21255 -3.60629 27.9394 0 0 1 0 5.2 0 
0.01 3.60636 -7.21255 -3.60619 27.9394 0 0 0.998133 0.0627902 5.19993 0.0275535 
0.02 3.60665 -7.21255 -3.6059 27.9394 0 0 0.992541 0.125331 5.19971 0.0551061 
0.03 3.60713 -7.21255 -3.60542 27.9394 0 0 0.983248 0.187374 5.19934 0.0826573 
0.04 3.6078 -7.21255 -3.60475 27.9394 0 0 0.970297 0.248675 5.19883 0.110206 
0.05 3.60867 -7.21255 -3.60388 27.9394 0 0 0.953745 0.308993 5.19818 0.137752 
0.06 3.60972 -7.21255 -3.60282 27.9394 0 0 0.933665 0.368092 5.19737 0.165294 
0.07 3.61097 -7.21255 -3.60157 27.9394 0 0 0.910146 0.425744 5.19642 0.192831 
0.08 3.61242 -7.21255 -3.60013 27.9394 0 0 0.883289 0.48173 5.19533 0.220363 
0.09 3.61405 -7.21255 -3.5985 27.9394 0 0 0.85321 0.535836 5.19409 0.247888 
0.1 3.61588 -7.21255 -3.59667 27.9394 0 0 0.820036 0.587862 5.1927 0.275407 
0.11 3.6179 -7.21255 -3.59465 27.9394 0 0 0.783905 0.637616 5.19117 0.302918 
0.12 3.62011 -7.21255 -3.59244 27.9394 0 0 0.744968 0.684916 5.18949 0.33042 
0.13 3.62251 -7.21255 -3.59004 27.9394 0 0 0.703381 0.729593 5.18767 0.357913 
0.14 3.6251 -7.21254 -3.58744 27.9394 0 0 0.659312 0.771489 5.1857 0.385397 
0.15 3.62789 -7.21254 -3.58465 27.9394 0 0 0.612934 0.810456 5.18358 0.412869 
0.16 3.63087 -7.21254 -3.58167 27.9394 0 0 0.564427 0.846359 5.18132 0.44033 
0.17 3.63404 -7.21254 -3.5785 27.9394 0 0 0.513979 0.879073 5.17892 0.467778 
0.18 3.6374 -7.21254 -3.57514 27.9394 0 0 0.461779 0.908487 5.17637 0.495213 
0.19 3.64095 -7.21254 -3.57159 27.9394 0 0 0.408025 0.934499 5.17367 0.522634 
0.2 3.6447 -7.21254 -3.56784 27.9394 0 0 0.352914 0.957018 5.17083 0.550041 
0.21 3.64864 -7.21254 -3.56391 27.9394 0 0 0.296651 0.975965 5.16784 0.577432 
0.22 3.65276 -7.21254 -3.55978 27.9394 0 0 0.239441 0.991269 5.16471 0.604807 
0.23 3.65708 -7.21254 -3.55546 27.9394 0 0 0.181494 1.00287 5.16143 0.632165 
0.24 3.66159 -7.21254 -3.55095 27.9394 0 0 0.123019 1.01072 5.15801 0.659505 
0.25 3.66629 -7.21254 -3.54625 27.9394 0 0 0.0642316 1.01479 5.15444 0.686827 
0.26 3.67118 -7.21254 -3.54136 27.9394 0 0 0.00534693 1.01503 5.15073 0.714129 
0.27 3.67626 -7.21254 -3.53628 27.9394 0 0 -0.0534168 1.01144 5.14687 0.741412 
0.28 3.68154 -7.21254 -3.53101 27.9394 0 0 -0.111839 1.00399 5.14287 0.768673 
0.29 3.687 -7.21254 -3.52554 27.9394 0 0 -0.169698 0.992697 5.13873 0.795913 
0.3 3.69265 -7.21254 -3.51989 27.9394 0 0 -0.226767 0.977561 5.13444 0.823131 
0.31 3.69849 -7.21254 -3.51405 27.9394 0 0 -0.282821 0.958604 5.13 0.850325 
0.32 3.70453 -7.21254 -3.50802 27.9394 0 0 -0.337627 0.935854 5.12543 0.877496 
0.33 3.71075 -7.21254 -3.5018 27.9394 0 0 -0.390955 0.909353 5.1207 0.904642 
0.34 3.71716 -7.21254 -3.49538 27.9394 0 0 -0.442567 0.87915 5.11584 0.931763 
0.35 3.72376 -7.21254 -3.48878 27.9394 0 0 -0.492225 0.84531 5.11083 0.958857 
0.36 3.73055 -7.21255 -3.482 27.9394 0 0 -0.539687 0.807908 5.10568 0.985925 
0.37 3.73753 -7.21255 -3.47502 27.9394 0 0 -0.584709 0.767033 5.10038 1.01296 
0.38 3.7447 -7.21255 -3.46785 27.9394 0 0 -0.627041 0.722789 5.09494 1.03998 
0.39 3.75205 -7.21255 -3.4605 27.9394 0 0 -0.666434 0.675296 5.08936 1.06696 
0.4 3.7596 -7.21255 -3.45295 27.9394 0 0 -0.702634 0.624691 5.08364 1.09391 
0.41 3.76733 -7.21255 -3.44522 27.9394 0 0 -0.735385 0.571129 5.07777 1.12083 
0.42 3.77525 -7.21255 -3.4373 27.9394 0 0 -0.76443 0.514786 5.07176 1.14772 
0.43 3.78336 -7.21255 -3.4292 27.9394 0 0 -0.789511 0.455861 5.06561 1.17458 
0.44 3.79165 -7.21255 -3.4209 27.9394 0 0 -0.810373 0.394576 5.05931 1.2014 
0.45 3.80014 -7.21256 -3.41242 27.9394 0 0 -0.826759 0.33118 5.05287 1.2282 
0.46 3.80881 -7.21256 -3.40375 27.9394 0 0 -0.838422 0.265952 5.04629 1.25495 
0.47 3.81766 -7.21256 -3.3949 27.9394 0 0 -0.845117 0.199202 5.03957 1.28167 
0.48 3.8267 -7.21256 -3.38586 27.9394 0 0 -0.846614 0.131272 5.03271 1.30836 
0.49 3.83593 -7.21256 -3.37663 27.9394 0 0 -0.842695 0.062542 5.02571 1.33501 
0.5 3.84535 -7.21256 -3.36722 27.9394 0 0 -0.833163 -0.00657218 5.01856 1.36162 
0.51 3.85495 -7.21257 -3.35762 27.9394 0 0 -0.817846 -0.0756145 5.01128 1.38819 
0.52 3.86473 -7.21257 -3.34783 27.9394 0 0 -0.796604 -0.144089 5.00385 1.41473 
0.53 3.87471 -7.21257 -3.33787 27.9394 0 0 -0.769337 -0.211462 4.99629 1.44122 
0.54 3.88486 -7.21257 -3.32771 27.9394 0 0 -0.735996 -0.277159 4.98858 1.46767 
0.55 3.8952 -7.21258 -3.31737 27.9394 0 0 -0.696587 -0.340574 4.98073 1.49409 
0.56 3.90573 -7.21258 -3.30685 27.9394 0 0 -0.651184 -0.401071 4.97275 1.52046 
0.57 3.91643 -7.21258 -3.29615 27.9394 0 0 -0.599942 -0.457993 4.96462 1.54679 
0.58 3.92733 -7.21258 -3.28526 27.9394 0 0 -0.543098 -0.510673 4.95635 1.57307 
0.59 3.9384 -7.21258 -3.27418 27.9394 0 0 -0.480987 -0.558451 4.94795 1.59931 
0.6 3.94966 -7.21259 -3.26293 27.9394 0 0 -0.414038 -0.600685 4.93941 1.62551 
0.61 3.9611 -7.21259 -3.25149 27.9394 0 0 -0.342785 -0.636774 4.93072 1.65166 
0.62 3.97272 -7.21259 -3.23987 27.9394 0 0 -0.267858 -0.666178 4.9219 1.67776 
0.63 3.98453 -7.21259 -3.22806 27.9394 0 0 -0.189975 -0.688438 4.91294 1.70382 
0.64 3.99652 -7.21259 -3.21608 27.9394 0 0 -0.109931 -0.703197 4.90385 1.72982 
0.65 4.00868 -7.21259 -3.20391 27.9394 0 0 -0.0285769 -0.710213 4.89461 1.75578 
0.66 4.02103 -7.21259 -3.19156 27.9394 0 0 0.0532009 -0.709378 4.88524 1.78169 
0.67 4.03356 -7.21259 -3.17903 27.9394 0 0 0.13451 -0.700717 4.87573 1.80755 
0.68 4.04627 -7.21259 -3.16632 27.9394 0 0 0.214476 -0.684389 4.86608 1.83336 
0.69 4.05916 -7.21259 -3.15343 27.9394 0 0 0.29227 -0.660684 4.8563 1.85912 
0.7 4.07223 -7.21259 -3.14036 27.9394 0 0 0.367133 -0.630003 4.84638 1.88483 
0.71 4.08548 -7.21259 -3.12711 27.9394 0 0 0.438389 -0.592843 4.83633 1.91048 
0.72 4.09891 -7.21259 -3.11368 27.9394 0 0 0.505464 -0.549776 4.82613 1.93608 
0.73 4.11251 -7.21258 -3.10007 27.9394 0 0 0.567888 -0.501426 4.81581 1.96163 
0.74 4.1263 -7.21258 -3.08629 27.9394 0 0 0.625299 -0.448446 4.80535 1.98712 
0.75 4.14026 -7.21258 -3.07232 27.9394 0 0 0.677438 -0.391498 4.79475 2.01255 
0.76 4.1544 -7.21258 -3.05818 27.9394 0 0 0.724143 -0.331239 4.78402 2.03793 
0.77 4.16871 -7.21258 -3.04386 27.9394 0 0 0.76534 -0.268302 4.77315 2.06325 
0.78 4.18321 -7.21257 -3.02937 27.9394 0 0 0.801029 -0.203288 4.76215 2.08851 
0.79 4.19788 -7.21257 -3.0147 27.9394 0 0 0.831274 -0.136759 4.75102 2.11372 
0.8 4.21272 -7.21257 -2.99985 27.9394 0 0 0.856194 -0.0692309 4.73975 2.13886 
0.81 4.22774 -7.21257 -2.98483 27.9394 0 0 0.875946 -0.00117522 4.72835 2.16395 
0.82 4.24294 -7.21256 -2.96963 27.9394 0 0 0.890723 0.0669853 4.71682 2.18897 
0.83 4.25831 -7.21256 -2.95426 27.9394 0 0 0.900738 0.134873 4.70515 2.21393 
0.84 4.27385 -7.21256 -2.93871 27.9394 0 0 0.906222 0.202156 4.69336 2.23883 
0.85 4.28957 -7.21256 -2.92299 27.9394 0 0 0.907416 0.268541 4.68143 2.26367 
0.86 4.30546 -7.21255 -2.9071 27.9394 0 0 0.904565 0.333773 4.66937 2.28845 
0.87 4.32152 -7.21255 -2.89103 27.9394 0 0 0.897914 0.397635 4.65718 2.31315 
0.88 4.33776 -7.21255 -2.87479 27.9394 0 0 0.887708 0.459937 4.64485 2.3378 
0.89 4.35417 -7.21255 -2.85838 27.9394 0 0 0.874184 0.520519 4.6324 2.36238 
0.9 4.37074 -7.21255 -2.8418 27.9394 0 0 0.857575 0.579245 4.61982 2.38689 
0.91 4.38749 -7.21255 -2.82505 27.9394 0 0 0.838104 0.636004 4.60711 2.41134 
0.92 4.40442 -7.21254 -2.80813 27.9394 0 0 0.815988 0.690699 4.59427 2.43571 
0.93 4.42151 -7.21254 -2.79104 27.9394 0 0 0.79143 0.743256 4.58129 2.46002 
0.94 4.43877 -7.21254 -2.77377 27.9394 0 0 0.764628 0.793609 4.5682 2.48427 
0.95 4.45619 -7.21254 -2.75634 27.9394 0 0 0.735767 0.841711 4.55497 2.50844 
0.96 4.47379 -7.21254 -2.73874 27.9394 0 0 0.705025 0.887522 4.54161 2.53254 
0.97 4.49156 -7.21254 -2.72098 27.9394 0 0 0.672568 0.931012 4.52813 2.55657 
0.98 4.50949 -7.21253 -2.70304 27.9394 0 0 0.638556 0.97216 4.51452 2.58052 
0.99 4.52759 -7.21253 -2.68494 27.9394 0 0 0.603137 1.01095 4.50078 2.60441 
1 4.54586 -7.21253 -2.66667 27.9394 0 0 0.566454 1.04738 4.48692 2.62822 
1.01 4.56429 -7.21253 -2.64824 27.9394 0 0 0.528641 1.08143 4.47293 2.65196 
1.02 4.58289 -7.21253 -2.62964 27.9394 0 0 0.489823 1.11312 4.45881 2.67562 
1.03 4.60165 -7.21253 -2.61088 27.9394 0 0 0.450122 1.14243 4.44457 2.69921 
1.04 4.62058 -7.21253 -2.59195 27.9394 0 0 0.409651 1.16939 4.43021 2.72272 
1.05 4.63967 -7.21253 -2.57285 27.9394 0 0 0.368517 1.19399 4.41572 2.74616 
1.06 4.65893 -7.21253 -2.5536 27.9394 0 0 0.326824 1.21624 4.40111 2.76952 
1.07 4.67835 -7.21253 -2.53418 27.9394 0 0 0.284669 1.23617 4.38637 2.7928 
1.08 4.69793 -7.21253 -2.5146 27.9394 0 0 0.242145 1.25377 4.37151 2.816 
1.09 4.71767 -7.21252 -2.49486 27.9394 0 0 0.199341 1.26906 4.35653 2.83913 
1.1 4.73757 -7.21252 -2.47495 27.9394 0 0 0.156344 1.28206 4.34142 2.86217 
1.11 4.75764 -7.21252 -2.45489 27.9394 0 0 0.113235 1.29277 4.3262 2.88514 
1.12 4.77786 -7.21252 -2.43466 27.9394 0 0 0.0700949 1.30121 4.31085 2.90802 
1.13 4.79824 -7.21252 -2.41428 27.9394 0 0 0.0269997 1.3074 4.29538 2.93082 
1.14 4.81879 -7.21252 -2.39374 27.9394 0 0 -0.0159752 1.31134 4.27979 2.95354 
1.15 4.83949 -7.21252 -2.37304 27.9394 0 0 -0.0587566 1.31305 4.26408 2.97617 
1.16 4.86035 -7.21252 -2.35218 27.9394 0 0 -0.101273 1.31254 4.24825 2.99873 
1.17 4.88136 -7.21252 -2.33116 27.9394 0 0 -0.143453 1.30982 4.2323 3.0212 
1.18 4.90253 -7.21252 -2.30999 27.9394 0 0 -0.185228 1.30491 4.21623 3.04358 
1.19 4.92386 -7.21252 -2.28866 27.9394 0 0 -0.226527 1.2978 4.20004 3.06588 
1.2 4.94535 -7.21252 -2.26718 27.9394 0 0 -0.267282 1.28851 4.18374 3.08809 
1.21 4.96698 -7.21252 -2.24554 27.9394 0 0 -0.307423 1.27706 4.16732 3.11021 
1.22 4.98878 -7.21252 -2.22374 27.9394 0 0 -0.34688 1.26344 4.15078 3.13225 
1.23 5.01072 -7.21252 -2.2018 27.9394 0 0 -0.385582 1.24766 4.13412 3.1542 
1.24 5.03282 -7.21252 -2.1797 27.9394 0 0 -0.423457 1.22973 4.11735 3.17606 
1.25 5.05508 -7.21252 -2.15745 27.9394 0 0 -0.460431 1.20965 4.10047 3.19784 
1.26 5.07748 -7.21252 -2.13504 27.9394 0 0 -0.496427 1.18744 4.08346 3.21952 
1.27 5.10003 -7.21252 -2.11249 27.9394 0 0 -0.531367 1.16308 4.06635 3.24111 
1.28 5.12274 -7.21252 -2.08979 27.9394 0 0 -0.565169 1.13659 4.04912 3.26261 
1.29 5.14559 -7.21252 -2.06693 27.9394 0 0 -0.597748 1.10797 4.03177 3.28402 
1.3 5.1686 -7.21253 -2.04393 27.9394 0 0 -0.629014 1.07721 4.01431 3.30534 
1.31 5.19175 -7.21253 -2.02078 27.9394 0 0 -0.658873 1.04432 3.99674 3.32656 
1.32 5.21505 -7.21253 -1.99748 27.9394 0 0 -0.687224 1.00931 3.97906 3.34769 
1.33 5.2385 -7.21253 -1.97403 27.9394 0 0 -0.713962 0.972169 3.96126 3.36873 
1.34 5.26209 -7.21253 -1.95044 27.9394 0 0 -0.738972 0.932903 3.94336 3.38967 
1.35 5.28584 -7.21253 -1.9267 27.9394 0 0 -0.762131 0.891515 3.92534 3.41052 
1.36 5.30972 -7.21253 -1.90281 27.9394 0 0 -0.783308 0.848008 3.90722 3.43127 
1.37 5.33375 -7.21253 -1.87878 27.9394 0 0 -0.802359 0.802389 3.88898 3.45193 
1.38 5.35793 -7.21254 -1.85461 27.9394 0 0 -0.819129 0.754665 3.87063 3.47248 
1.39 5.38224 -7.21254 -1.83029 27.9394 0 0 -0.833446 0.704849 3.85218 3.49294 
1.4 5.4067 -7.21254 -1.80584 27.9394 0 0 -0.845124 0.652959 3.83362 3.51331 
1.41 5.43131 -7.21254 -1.78124 27.9394 0 0 -0.853954 0.599018 3.81495 3.53357 
1.42 5.45605 -7.21255 -1.7565 27.9394 0 0 -0.859707 0.543061 3.79617 3.55374 
1.43 5.48094 -7.21255 -1.73161 27.9394 0 0 -0.862127 0.485132 3.77729 3.5738 
1.44 5.50596 -7.21255 -1.70659 27.9394 0 0 -0.860928 0.425293 3.7583 3.59377 
1.45 5.53112 -7.21256 -1.68143 27.9394 0 0 -0.855788 0.363628 3.7392 3.61363 
1.46 5.55643 -7.21256 -1.65614 27.9394 0 0 -0.846345 0.300249 3.72 3.63339 
1.47 5.58187 -7.21257 -1.6307 27.9394 0 0 -0.83219 0.235306 3.7007 3.65305 
1.48 5.60744 -7.21257 -1.60513 27.9394 0 0 -0.812856 0.169003 3.68129 3.67261 
1.49 5.63316 -7.21258 -1.57942 27.9394 0 0 -0.787819 0.101614 3.66178 3.69207 
1.5 5.65901 -7.21259 -1.55358 27.9394 0 0 -0.756481 0.0335066 3.64216 3.71142 
1.51 5.68499 -7.21259 -1.5276 27.9394 0 0 -0.71817 -0.0348173 3.62244 3.73066 
1.52 5.71111 -7.2126 -1.50149 27.9394 0 0 -0.672141 -0.102677 3.60263 3.7498 
1.53 5.73736 -7.21261 -1.47525 27.9394 0 0 -0.617583 -0.169143 3.58271 3.76884 
1.54 5.76375 -7.21263 -1.44888 27.9394 0 0 -0.55366 -0.232951 3.56269 3.78777 
1.55 5.79027 -7.21264 -1.42237 27.9394 0 0 -0.479587 -0.292389 3.54256 3.8066 
1.56 5.81692 -7.21266 -1.39574 27.9394 0 0 -0.394789 -0.345177 3.52234 3.82531 
1.57 5.8437 -7.21267 -1.36897 27.9394 0 0 -0.29918 -0.388377 3.50203 3.84393 
1.58 5.87061 -7.21269 -1.34208 27.9394 0 0 -0.19359 -0.418453 3.48161 3.86243 
1.59 5.89764 -7.2127 -1.31506 27.9394 0 0 -0.0802828 -0.431628 3.46109 3.88082 
1.6 5.92481 -7.21271 -1.2879 27.9394 0 0 0.0367104 -0.424723 3.44048 3.89911 
1.61 5.95209 -7.21271 -1.26062 27.9394 0 0 0.151877 -0.396308 3.41977 3.91728 
1.62 5.9795 -7.21271 -1.23321 27.9394 0 0 0.259386 -0.347536 3.39897 3.93535 
1.63 6.00703 -7.21269 -1.20566 27.9394 0 0 0.354607 -0.281934 3.37807 3.9533 
1.64 6.03469 -7.21268 -1.17799 27.9394 0 0 0.435029 -0.204232 3.35707 3.97115 
1.65 6.06247 -7.21266 -1.1502 27.9394 0 0 0.500174 -0.119069 3.33598 3.98888 
1.66 6.09037 -7.21265 -1.12228 27.9394 0 0 0.550928 -0.0302344 3.3148 4.0065 
1.67 6.1184 -7.21264 -1.09423 27.9394 0 0 0.588834 0.0595162 3.29352 4.02401 
1.68 6.14655 -7.21262 -1.06607 27.9394 0 0 0.615609 0.148324 3.27216 4.0414 
1.69 6.17482 -7.21261 -1.03779 27.9394 0 0 0.632892 0.235003 3.2507 4.05868 
1.7 6.20322 -7.2126 -1.00939 27.9394 0 0 0.642135 0.318836 3.22914 4.07585 
1.71 6.23173 -7.21259 -0.980864 27.9394 0 0 0.644585 0.399419 3.2075 4.0929 
1.72 6.26036 -7.21259 -0.952223 27.9394 0 0 0.64129 0.476549 3.18577 4.10984 
1.73 6.28911 -7.21258 -0.923466 27.9394 0 0 0.633129 0.550152 3.16395 4.12667 
1.74 6.31798 -7.21257 -0.894592 27.9394 0 0 0.620835 0.620239 3.14204 4.14337 
1.75 6.34697 -7.21257 -0.865601 27.9394 0 0 0.605023 0.686867 3.12004 4.15996 
1.76 6.37607 -7.21256 -0.836496 27.9394 0 0 0.586209 0.750126 3.09795 4.17644 
1.77 6.40528 -7.21256 -0.807277 27.9394 0 0 0.564831 0.810121 3.07578 4.19279 
1.78 6.43461 -7.21256 -0.777943 27.9394 0 0 0.541259 0.866966 3.05352 4.20903 
1.79 6.46405 -7.21255 -0.748497 27.9394 0 0 0.51581 0.920776 3.03117 4.22515 
1.8 6.49361 -7.21255 -0.718939 27.9394 0 0 0.488759 0.971667 3.00874 4.24116 
1.81 6.52328 -7.21255 -0.68927 27.9394 0 0 0.460339 1.01975 2.98623 4.25704 
1.82 6.55305 -7.21254 -0.659491 27.9394 0 0 0.430757 1.06513 2.96363 4.2728 
1.83 6.58294 -7.21254 -0.629602 27.9394 0 0 0.40019 1.10792 2.94095 4.28845 
1.84 6.61294 -7.21254 -0.599604 27.9394 0 0 0.368797 1.14821 2.91818 4.30397 
1.85 6.64304 -7.21254 -0.569498 27.9394 0 0 0.336716 1.18609 2.89533 4.31937 
1.86 6.67325 -7.21254 -0.539286 27.9394 0 0 0.304069 1.22165 2.87241 4.33465 
1.87 6.70357 -7.21253 -0.508967 27.9394 0 0 0.270967 1.25497 2.8494 4.34981 
1.88 6.73399 -7.21253 -0.478543 27.9394 0 0 0.237505 1.28612 2.82631 4.36485 
1.89 6.76452 -7.21253 -0.448014 27.9394 0 0 0.203774 1.31519 2.80314 4.37976 
1.9 6.79515 -7.21253 -0.417382 27.9394 0 0 0.16985 1.34222 2.77989 4.39455 
1.91 6.82588 -7.21253 -0.386647 27.9394 0 0 0.135807 1.3673 2.75657 4.40922 
1.92 6.85672 -7.21253 -0.35581 27.9394 0 0 0.101708 1.39047 2.73317 4.42377 
1.93 6.88765 -7.21253 -0.324872 27.9394 0 0 0.0676126 1.41179 2.70969 4.43819 
1.94 6.91869 -7.21252 -0.293833 27.9394 0 0 0.0335754 1.43131 2.68613 4.45248 
1.95 6.94983 -7.21252 -0.262696 27.9394 0 0 -0.000354216 1.44907 2.6625 4.46665 
1.96 6.98106 -7.21252 -0.23146 27.9394 0 0 -0.0341304 1.46513 2.6388 4.4807 
1.97 7.0124 -7.21252 -0.200126 27.9394 0 0 -0.0677109 1.47953 2.61502 4.49462 
1.98 7.04383 -7.21252 -0.168695 27.9394 0 0 -0.101056 1.4923 2.59117 4.50841 
1.99 7.07535 -7.21252 -0.137169 27.9394 0 0 -0.13413 1.50348 2.56724 4.52208 
2 7.10697 -7.21252 -0.105548 27.9394 0 0 -0.166897 1.51311 2.54324 4.53562 
2.01 7.13869 -7.21252 -0.0738326 27.9394 0 0 -0.199326 1.52121 2.51917 4.54903 
2.02 7.1705 -7.21252 -0.0420241 27.9394 0 0 -0.231385 1.52781 2.49503 4.56231 
2.03 7.2024 -7.21252 -0.0101233 27.9394 0 0 -0.263047 1.53295 2.47082 4.57547 
2.04 7.23439 -7.21252 0.0218688 27.9394 0 0 -0.294283 1.53665 2.44655 4.5885 
2.05 7.26647 -7.21252 0.0539514 27.9394 0 0 -0.325066 1.53893 2.4222 4.6014 
2.06 7.29864 -7.21252 0.0861237 27.9394 0 0 -0.355372 1.53981 2.39778 4.61417 
2.07 7.3309 -7.21252 0.118385 27.9394 0 0 -0.385176 1.53932 2.3733 4.62681 
2.08 7.36325 -7.21252 0.150733 27.9394 0 0 -0.414453 1.53747 2.34875 4.63932 
2.09 7.39569 -7.21252 0.183169 27.9394 0 0 -0.443181 1.53427 2.32413 4.6517 
2.1 7.42821 -7.21252 0.21569 27.9394 0 0 -0.471335 1.52975 2.29945 4.66395 
2.11 7.46081 -7.21252 0.248297 27.9394 0 0 -0.498894 1.52392 2.27471 4.67607 
2.12 7.4935 -7.21252 0.280988 27.9394 0 0 -0.525835 1.51679 2.2499 4.68806 
2.13 7.52628 -7.21252 0.313762 27.9394 0 0 -0.552135 1.50837 2.22503 4.69991 
2.14 7.55913 -7.21252 0.346618 27.9394 0 0 -0.577772 1.49867 2.20009 4.71163 
2.15 7.59207 -7.21252 0.379556 27.9394 0 0 -0.602722 1.48771 2.17509 4.72323 
2.16 7.62509 -7.21252 0.412574 27.9394 0 0 -0.626962 1.47547 2.15004 4.73469 
2.17 7.65819 -7.21252 0.445672 27.9394 0 0 -0.650469 1.46198 2.12492 4.74601 
2.18 7.69136 -7.21252 0.478848 27.9394 0 0 -0.673218 1.44724 2.09974 4.7572 
2.19 7.72462 -7.21252 0.512102 27.9394 0 0 -0.695184 1.43124 2.0745 4.76826 
2.2 7.75795 -7.21252 0.545433 27.9394 0 0 -0.716342 1.414 2.04921 4.77919 
2.21 7.79136 -7.21252 0.578839 27.9394 0 0 -0.736663 1.3955 2.02386 4.78998 
2.22 7.82484 -7.21252 0.61232 27.9394 0 0 -0.756121 1.37576 1.99845 4.80064 
2.23 7.85839 -7.21252 0.645876 27.9394 0 0 -0.774686 1.35476 1.97298 4.81116 
2.24 7.89202 -7.21252 0.679504 27.9394 0 0 -0.792326 1.33251 1.94746 4.82154 
2.25 7.92572 -7.21252 0.713204 27.9394 0 0 -0.809009 1.30899 1.92188 4.8318 
2.26 7.9595 -7.21252 0.746975 27.9394 0 0 -0.824699 1.28421 1.89625 4.84191 
2.27 7.99334 -7.21252 0.780817 27.9394 0 0 -0.83936 1.25815 1.87057 4.85189 
2.28 8.02725 -7.21252 0.814728 27.9394 0 0 -0.852951 1.2308 1.84484 4.86174 
2.29 8.06123 -7.21252 0.848707 27.9394 0 0 -0.86543 1.20215 1.81905 4.87144 
2.3 8.09528 -7.21252 0.882753 27.9394 0 0 -0.87675 1.17218 1.79321 4.88101 
2.31 8.12939 -7.21252 0.916865 27.9394 0 0 -0.886862 1.14089 1.76732 4.89045 
2.32 8.16357 -7.21253 0.951043 27.9394 0 0 -0.895709 1.10825 1.74138 4.89974 
2.33 8.19781 -7.21253 0.985285 27.9394 0 0 -0.903234 1.07424 1.7154 4.9089 
2.34 8.23212 -7.21253 1.01959 27.9394 0 0 -0.909371 1.03884 1.68936 4.91792 
2.35 8.26649 -7.21253 1.05396 27.9394 0 0 -0.914047 1.00202 1.66328 4.9268 
2.36 8.30092 -7.21253 1.08839 27.9394 0 0 -0.917182 0.963759 1.63715 4.93555 
2.37 8.33541 -7.21253 1.12288 27.9394 0 0 -0.918688 0.924025 1.61097 4.94415 
2.38 8.36996 -7.21254 1.15743 27.9394 0 0 -0.918465 0.882782 1.58475 4.95262 
2.39 8.40457 -7.21254 1.19204 27.9394 0 0 -0.916401 0.839993 1.55849 4.96095 
2.4 8.43924 -7.21254 1.2267 27.9394 0 0 -0.912368 0.795617 1.53218 4.96914 
2.41 8.47397 -7.21254 1.26143 27.9394 0 0 -0.906223 0.749608 1.50583 4.97718 
2.42 8.50875 -7.21255 1.2962 27.9394 0 0 -0.897797 0.701917 1.47943 4.98509 
2.43 8.54359 -7.21255 1.33104 27.9394 0 0 -0.886898 0.65249 1.453 4.99286 
2.44 8.57848 -7.21255 1.36592 27.9394 0 0 -0.873299 0.601268 1.42652 5.00049 
2.45 8.61342 -7.21256 1.40086 27.9394 0 0 -0.856733 0.54819 1.40001 5.00798 
2.46 8.64842 -7.21256 1.43585 27.9394 0 0 -0.83688 0.493189 1.37345 5.01533 
2.47 8.68346 -7.21257 1.47089 27.9394 0 0 -0.813349 0.436196 1.34686 5.02253 
2.48 8.71856 -7.21258 1.50598 27.9394 0 0 -0.785662 0.377146 1.32022 5.0296 
2.49 8.75371 -7.21259 1.54112 27.9394 0 0 -0.753215 0.315979 1.29355 5.03653 
2.5 8.78891 -7.2126 1.57631 27.9394 0 0 -0.715236 0.252656 1.26685 5.04331 
2.51 8.82415 -7.21261 1.61154 27.9394 0 0 -0.670704 0.187185 1.24011 5.04995 
2.52 8.85945 -7.21263 1.64682 27.9394 0 0 -0.618234 0.119668 1.21333 5.05645 
2.53 8.89479 -7.21265 1.68214 27.9394 0 0 -0.555868 0.0504227 1.18652 5.06281 
2.54 8.93018 -7.21269 1.7175 27.9394 0 0 -0.480711 -0.0197557 1.15968 5.06903 
2.55 8.96563 -7.21274 1.75289 27.9394 0 0 -0.388244 -0.0888772 1.1328 5.0751 
2.56 9.00114 -7.21282 1.78832 27.9394 0 0 -0.271111 -0.1516 1.10589 5.08103 
2.57 9.03673 -7.21297 1.82376 27.9394 0 0 -0.118377 -0.191724 1.07896 5.08682 
2.58 9.07234 -7.21312 1.85922 27.9394 0 0 0.066718 -0.162288 1.05199 5.09246 
2.59 9.10782 -7.213 1.89481 27.9394 0 0 0.207937 -0.0353804 1.02499 5.09797 
2.6 9.14333 -7.21285 1.93048 27.9394 0 0 0.266865 0.115561 0.99796 5.10333 
2.61 9.17892 -7.21276 1.96616 27.9394 0 0 0.280683 0.250369 0.970905 5.10854 
2.62 9.21458 -7.2127 2.00187 27.9394 0 0 0.272708 0.366954 0.943822 5.11362 
2.63 9.25028 -7.21267 2.03761 27.9394 0 0 0.253103 0.46849 0.916713 5.11854 
2.64 9.28602 -7.21264 2.07337 27.9394 0 0 0.226734 0.557881 0.889578 5.12333 
2.65 9.32179 -7.21262 2.10917 27.9394 0 0 0.196208 0.637314 0.862418 5.12797 
2.66 9.35761 -7.21261 2.145 27.9394 0 0 0.163052 0.70841 0.835234 5.13247 
2.67 9.39345 -7.2126 2.18085 27.9394 0 0 0.128223 0.772388 0.808027 5.13682 
2.68 9.42933 -7.21259 2.21674 27.9394 0 0 0.0923527 0.830186 0.780796 5.14103 
2.69 9.46523 -7.21258 2.25265 27.9394 0 0 0.0558779 0.882543 0.753544 5.1451 
2.7 9.50117 -7.21258 2.28859 27.9394 0 0 0.0191099 0.930051 0.726271 5.14902 
2.71 9.53713 -7.21257 2.32456 27.9394 0 0 -0.0177225 0.973193 0.698977 5.15279 
2.72 9.57312 -7.21257 2.36055 27.9394 0 0 -0.0544471 1.01237 0.671664 5.15642 
2.73 9.60913 -7.21256 2.39657 27.9394 0 0 -0.0909311 1.04792 0.644332 5.15991 
2.74 9.64517 -7.21256 2.43261 27.9394 0 0 -0.127071 1.08011 0.616981 5.16325 
2.75 9.68123 -7.21256 2.46867 27.9394 0 0 -0.162782 1.10921 0.589614 5.16645 
2.76 9.71731 -7.21255 2.50475 27.9394 0 0 -0.197999 1.13541 0.56223 5.1695 
2.77 9.75341 -7.21255 2.54086 27.9394 0 0 -0.232664 1.1589 0.53483 5.17241 
2.78 9.78953 -7.21255 2.57698 27.9394 0 0 -0.266732 1.17984 0.507415 5.17517 
2.79 9.82568 -7.21255 2.61313 27.9394 0 0 -0.300162 1.19837 0.479986 5.17779 
2.8 9.86184 -7.21255 2.64929 27.9394 0 0 -0.33292 1.21461 0.452543 5.18026 
2.81 9.89801 -7.21254 2.68547 27.9394 0 0 -0.364976 1.22868 0.425088 5.18258 
2.82 9.93421 -7.21254 2.72166 27.9394 0 0 -0.396302 1.24067 0.39762 5.18476 
2.83 9.97041 -7.21254 2.75787 27.9394 0 0 -0.426875 1.25067 0.370142 5.18679 
2.84 10.0066 -7.21254 2.79409 27.9394 0 0 -0.456672 1.25875 0.342653 5.18868 
2.85 10.0429 -7.21254 2.83033 27.9394 0 0 -0.485671 1.26499 0.315154 5.19043 
2.86 10.0791 -7.21254 2.86657 27.9394 0 0 -0.513853 1.26946 0.287647 5.19202 
2.87 10.1154 -7.21254 2.90283 27.9394 0 0 -0.541198 1.2722 0.260132 5.19347 
2.88 10.1516 -7.21254 2.9391 27.9394 0 0 -0.567688 1.27327 0.232609 5.19478 
2.89 10.1879 -7.21254 2.97537 27.9394 0 0 -0.593304 1.27272 0.20508 5.19594 
2.9 10.2242 -7.21254 3.01166 27.9394 0 0 -0.618028 1.27057 0.177545 5.19695 
2.91 10.2605 -7.21254 3.04794 27.9394 0 0 -0.64184 1.26688 0.150005 5.19782 
2.92 10.2968 -7.21254 3.08424 27.9394 0 0 -0.664721 1.26167 0.122461 5.19854 
2.93 10.3331 -7.21254 3.12054 27.9394 0 0 -0.686651 1.25498 0.0949129 5.19912 
2.94 10.3694 -7.21254 3.15684 27.9394 0 0 -0.707611 1.24681 0.0673626 5.19955 
2.95 10.4057 -7.21254 3.19315 27.9394 0 0 -0.727578 1.2372 0.0398104 5.19983 
2.96 10.442 -7.21254 3.22945 27.9394 0 0 -0.746529 1.22617 0.0122571 5.19997 
2.97 10.4783 -7.21254 3.26576 27.9394 0 0 -0.764442 1.21373 -0.0152966 5.19996 
2.98 10.5146 -7.21254 3.30207 27.9394 0 0 -0.781289 1.19988 -0.0428498 5.19981 
2.99 10.5509 -7.21254 3.33837 27.9394 0 0 -0.797044 1.18464 -0.0704019 5.19951 
3 10.5872 -7.21254 3.37467 27.9394 0 0 -0.811678 1.16802 -0.0979519 5.19906 
3.01 10.6235 -7.21254 3.41097 27.9394 0 0 -0.82516 1.15002 -0.125499 5.19847 
3.02 10.6598 -7.21254 3.44727 27.9394 0 0 -0.837454 1.13063 -0.153043 5.19773 
3.03 10.6961 -7.21254 3.48355 27.9394 0 0 -0.848525 1.10986 -0.180582 5.19685 
3.04 10.7324 -7.21254 3.51984 27.9394 0 0 -0.858331 1.0877 -0.208117 5.19582 
3.05 10.7687 -7.21254 3.55611 27.9394 0 0 -0.866829 1.06414 -0.235645 5.19464 
3.06 10.8049 -7.21254 3.59238 27.9394 0 0 -0.873971 1.03916 -0.263167 5.19332 
3.07 10.8412 -7.21254 3.62863 27.9394 0 0 -0.879704 1.01276 -0.290682 5.19185 
3.08 10.8774 -7.21254 3.66488 27.9394 0 0 -0.883967 0.984905 -0.318188 5.19024 
3.09 10.9137 -7.21254 3.70111 27.9394 0 0 -0.886697 0.955581 -0.345686 5.18848 
3.1 10.9499 -7.21255 3.73733 27.9394 0 0 -0.88782 0.924758 -0.373174 5.18657 
3.11 10.9861 -7.21255 3.77353 27.9394 0 0 -0.887253 0.892404 -0.400651 5.18452 
3.12 11.0223 -7.21255 3.80973 27.9394 0 0 -0.884906 0.858482 -0.428117 5.18233 
3.13 11.0585 -7.21255 3.8459 27.9394 0 0 -0.880672 0.822947 -0.455571 5.17999 
3.14 11.0946 -7.21255 3.88206 27.9394 0 0 -0.874432 0.785752 -0.483012 5.1775 
3.15 11.1308 -7.21256 3.9182 27.9394 0 0 -0.866049 0.746839 -0.51044 5.17487 
3.16 11.1669 -7.21256 3.95432 27.9394 0 0 -0.855362 0.706143 -0.537853 5.17209 
3.17 11.203 -7.21256 3.99042 27.9394 0 0 -0.842185 0.663589 -0.565251 5.16917 
3.18 11.2391 -7.21257 4.0265 27.9394 0 0 -0.826295 0.619094 -0.592634 5.1661 
3.19 11.2751 -7.21257 4.06256 27.9394 0 0 -0.807427 0.572557 -0.619999 5.16289 
3.2 11.3112 -7.21258 4.0986 27.9394 0 0 -0.785259 0.523865 -0.647348 5.15953 
3.21 11.3472 -7.21259 4.13461 27.9394 0 0 -0.759392 0.472887 -0.674678 5.15603 
3.22 11.3832 -7.21259 4.1706 27.9394 0 0 -0.729322 0.419471 -0.701989 5.15238 
3.23 11.4192 -7.2126 4.20656 27.9394 0 0 -0.6944 0.363439 -0.729281 5.14859 
3.24 11.4551 -7.21262 4.24249 27.9394 0 0 -0.653758 0.304588 -0.756552 5.14465 
3.25 11.491 -7.21263 4.27839 27.9394 0 0 -0.606196 0.242692 -0.783801 5.14057 
3.26 11.5269 -7.21266 4.31427 27.9394 0 0 -0.549969 0.177513 -0.811029 5.13634 
3.27 11.5628 -7.21269 4.35011 27.9394 0 0 -0.482353 0.108874 -0.838234 5.13197 
3.28 11.5987 -7.21275 4.38591 27.9394 0 0 -0.398667 0.0369156 -0.865416 5.12746 
3.29 11.6345 -7.21286 4.42167 27.9394 0 0 -0.289534 -0.0367231 -0.892573 5.1228 
3.3 11.6705 -7.21317 4.45734 27.9394 0 0 -0.130832 -0.100592 -0.919705 5.118 
3.31 11.7065 -7.2136 4.49288 27.9394 0 0 0.101197 -0.0182486 -0.946811 5.11306 
3.32 11.7416 -7.21293 4.52865 27.9394 0 0 0.184623 0.165278 -0.973891 5.10797 
3.33 11.7771 -7.21278 4.56434 27.9394 0 0 0.207382 0.297645 -1.00094 5.10274 
3.34 11.8127 -7.21271 4.59998 27.9394 0 0 0.211468 0.404746 -1.02797 5.09736 
3.35 11.8482 -7.21267 4.63557 27.9394 0 0 0.206382 0.494934 -1.05496 5.09184 
3.36 11.8838 -7.21265 4.67112 27.9394 0 0 0.195836 0.572478 -1.08193 5.08618 
3.37 11.9193 -7.21263 4.70662 27.9394 0 0 0.181694 0.639915 -1.10886 5.08038 
3.38 11.9547 -7.21262 4.74208 27.9394 0 0 0.165036 0.698898 -1.13577 5.07443 
3.39 11.9901 -7.21261 4.77749 27.9394 0 0 0.146551 0.750578 -1.16264 5.06834 
3.4 12.0255 -7.2126 4.81287 27.9394 0 0 0.126707 0.795792 -1.18948 5.06211 
3.41 12.0608 -7.2126 4.84819 27.9394 0 0 0.105846 0.835169 -1.21629 5.05573 
3.42 12.0961 -7.21259 4.88348 27.9394 0 0 0.0842219 0.869195 -1.24306 5.04922 
3.43 12.1313 -7.21259 4.91871 27.9394 0 0 0.0620368 0.898248 -1.2698 5.04256 
3.44 12.1665 -7.21259 4.9539 27.9394 0 0 0.0394535 0.922626 -1.2965 5.03576 
3.45 12.2016 -7.21258 4.98904 27.9394 0 0 0.016609 0.942565 -1.32316 5.02882 
3.46 12.2367 -7.21258 5.02413 27.9394 0 0 -0.00637805 0.958252 -1.34979 5.02174 
3.47 12.2718 -7.21258 5.05917 27.9394 0 0 -0.0294014 0.969831 -1.37638 5.01452 
3.48 12.3067 -7.21258 5.09416 27.9394 0 0 -0.0523633 0.977412 -1.40293 5.00715 
3.49 12.3417 -7.21258 5.1291 27.9394 0 0 -0.0751709 0.981073 -1.42944 4.99965 
3.5 12.3766 -7.21258 5.16399 27.9394 0 0 -0.0977336 0.980864 -1.45592 4.992 
3.51 12.4114 -7.21258 5.19882 27.9394 0 0 -0.11996 0.976807 -1.48235 4.98422 
3.52 12.4462 -7.21258 5.23359 27.9394 0 0 -0.141757 0.968901 -1.50874 4.97629 
3.53 12.4809 -7.21258 5.26832 27.9394 0 0 -0.163025 0.957117 -1.53508 4.96823 
3.54 12.5156 -7.21258 5.30298 27.9394 0 0 -0.183655 0.941399 -1.56139 4.96002 
3.55 12.5502 -7.21258 5.33759 27.9394 0 0 -0.203531 0.921664 -1.58765 4.95168 
3.56 12.5847 -7.21259 5.37213 27.9394 0 0 -0.222516 0.897793 -1.61386 4.9432 
3.57 12.6192 -7.21259 5.40662 27.9394 0 0 -0.240455 0.869634 -1.64003 4.93458 
3.58 12.6536 -7.21259 5.44105 27.9394 0 0 -0.257165 0.836988 -1.66616 4.92582 
3.59 12.688 -7.2126 5.47541 27.9394 0 0 -0.272424 0.799604 -1.69224 4.91692 
3.6 12.7223 -7.21261 5.50972 27.9394 0 0 -0.285957 0.757163 -1.71827 4.90789 
3.61 12.7566 -7.21261 5.54396 27.9394 0 0 -0.297415 0.709258 -1.74425 4.89871 
3.62 12.7908 -7.21262 5.57813 27.9394 0 0 -0.306342 0.655366 -1.77018 4.8894 
3.63 12.8249 -7.21263 5.61224 27.9394 0 0 -0.312114 0.594797 -1.79606 4.87995 
3.64 12.8589 -7.21265 5.64629 27.9394 0 0 -0.313844 0.526623 -1.8219 4.87037 
3.65 12.8929 -7.21267 5.68026 27.9394 0 0 -0.310189 0.449544 -1.84768 4.86064 
3.66 12.9269 -7.21271 5.71417 27.9394 0 0 -0.298934 0.361651 -1.87341 4.85079 
3.67 12.9608 -7.21277 5.74801 27.9394 0 0 -0.275956 0.259925 -1.89908 4.84079 
3.68 12.9947 -7.21289 5.78178 27.9394 0 0 -0.231808 0.13918 -1.92471 4.83066 
3.69 13.0288 -7.21334 5.81543 27.9394 0 0 -0.133596 -0.0085637 -1.95028 4.82039 
3.7 13.0623 -7.21367 5.84865 27.9394 0 0 0.097271 -0.00907974 -1.97579 4.80999 
3.71 13.0952 -7.21295 5.88221 27.9394 0 0 0.205138 0.120527 -2.00125 4.79945 
3.72 13.1286 -7.21283 5.91575 27.9394 0 0 0.238067 0.204394 -2.02665 4.78878 
3.73 13.162 -7.21279 5.94919 27.9394 0 0 0.239124 0.261807 -2.052 4.77798 
3.74 13.1953 -7.21278 5.98255 27.9394 0 0 0.218532 0.295918 -2.07729 4.76704 
3.75 13.2286 -7.21279 6.01583 27.9394 0 0 0.180356 0.306445 -2.10252 4.75596 
3.76 13.2619 -7.21283 6.04905 27.9394 0 0 0.12616 0.289748 -2.12769 4.74475 
3.77 13.2951 -7.21295 6.0822 27.9394 0 0 0.0560842 0.23557 -2.1528 4.73341 
3.78 13.3289 -7.21353 6.1154 27.9394 0 0 -0.0275991 0.106832 -2.17785 4.72194 
3.79 13.3625 -7.21329 6.14918 27.9394 0 0 0.108994 -0.0901823 -2.20284 4.71033 
3.8 13.3947 -7.21273 6.18197 27.9394 0 0 0.397254 -0.18095 -2.22777 4.69859 
3.81 13.4274 -7.21262 6.21474 27.9394 0 0 0.661443 -0.259794 -2.25264 4.68672 
3.82 13.46 -7.21258 6.24742 27.9394 0 0 0.917747 -0.335407 -2.27744 4.67472 
3.83 13.4926 -7.21255 6.28002 27.9394 0 0 1.16997 -0.409447 -2.30218 4.66259 
3.84 13.5251 -7.21253 6.31254 27.9394 0 0 1.41965 -0.482534 -2.32685 4.65032 
3.85 13.5575 -7.21252 6.34496 27.9394 0 0 1.66759 -0.55497 -2.35146 4.63793 
3.86 13.5898 -7.21251 6.3773 27.9394 0 0 1.91425 -0.62693 -2.376 4.6254 
3.87 13.6221 -7.2125 6.40955 27.9394 0 0 2.15992 -0.69852 -2.40048 4.61275 
3.88 13.6542 -7.2125 6.44172 27.9394 0 0 2.40482 -0.769815 -2.42489 4.59997 
3.89 13.6863 -7.21249 6.47379 27.9394 0 0 2.64907 -0.840867 -2.44923 4.58705 
3.9 13.7183 -7.21249 6.50577 27.9394 0 0 2.89279 -0.911714 -2.4735 4.57401 
3.91 13.7502 -7.21249 6.53766 27.9394 0 0 3.13605 -0.982386 -2.4977 4.56084 
3.92 13.7819 -7.21248 6.56946 27.9394 0 0 3.37892 -1.05291 -2.52183 4.54754 
3.93 13.8136 -7.21248 6.60117 27.9394 0 0 3.62144 -1.12329 -2.54589 4.53411 
3.94 13.8453 -7.21248 6.63278 27.9394 0 0 3.86367 -1.19356 -2.56988 4.52056 
3.95 13.8768 -7.21248 6.6643 27.9394 0 0 4.10562 -1.26373 -2.5938 4.50688 
3.96 13.9082 -7.21247 6.69572 27.9394 0 0 4.34734 -1.3338 -2.61765 4.49307 
3.97 13.9395 -7.21247 6.72704 27.9394 0 0 4.58883 -1.40378 -2.64142 4.47914 
3.98 13.9707 -7.21247 6.75826 27.9394 0 0 4.83013 -1.47369 -2.66511 4.46508 
3.99 14.0019 -7.21247 6.78939 27.9394 0 0 5.07125 -1.54353 -2.68874 4.45089 
4 14.0329 -7.21247 6.82042 27.9394 0 0 5.3122 -1.6133 -2.71228 4.43658 
4.01 14.0638 -7.21247 6.85135 27.9394 0 0 5.553 -1.68301 -2.73575 4.42215 
4.02 14.0946 -7.21247 6.88217 27.9394 0 0 5.79366 -1.75267 -2.75915 4.40759 
4.03 14.1254 -7.21247 6.9129 27.9394 0 0 6.03419 -1.82227 -2.78246 4.39291 
4.04 14.156 -7.21247 6.94352 27.9394 0 0 6.2746 -1.89183 -2.8057 4.3781 
4.05 14.1865 -7.21246 6.97403 27.9394 0 0 6.51489 -1.96135 -2.82886 4.36318 
4.06 14.2169 -7.21246 7.00445 27.9394 0 0 6.75508 -2.03082 -2.85194 4.34812 
4.07 14.2472 -7.21246 7.03475 27.9394 0 0 6.99517 -2.10026 -2.87494 4.33295 
4.08 14.2774 -7.21246 7.06495 27.9394 0 0 7.23516 -2.16966 -2.89786 4.31766 
4.09 14.3075 -7.21246 7.09505 27.9394 0 0 7.47507 -2.23902 -2.9207 4.30224 
4.1 14.3375 -7.21246 7.12503 27.9394 0 0 7.71489 -2.30835 -2.94345 4.2867 
4.11 14.3674 -7.21246 7.15491 27.9394 0 0 7.95464 -2.37766 -2.96612 4.27105 
4.12 14.3971 -7.21246 7.18468 27.9394 0 0 8.19431 -2.44693 -2.98871 4.25527 
4.13 14.4268 -7.21246 7.21433 27.9394 0 0 8.43391 -2.51618 -3.01122 4.23937 
4.14 14.4563 -7.21246 7.24388 27.9394 0 0 8.67344 -2.5854 -3.03364 4.22336 
4.15 14.4858 -7.21246 7.27331 27.9394 0 0 8.91291 -2.6546 -3.05598 4.20723 
4.16 14.5151 -7.21246 7.30263 27.9394 0 0 9.15231 -2.72378 -3.07823 4.19097 
4.17 14.5443 -7.21246 7.33183 27.9394 0 0 9.39166 -2.79293 -3.10039 4.1746 
4.18 14.5734 -7.21246 7.36092 27.9394 0 0 9.63096 -2.86207 -3.12247 4.15812 
4.19 14.6024 -7.21246 7.3899 27.9394 0 0 9.8702 -2.93118 -3.14446 4.14151 
4.2 14.6312 -7.21246 7.41876 27.9394 0 0 10.1094 -3.00028 -3.16636 4.12479 
4.21 14.66 -7.21246 7.4475 27.9394 0 0 10.3485 -3.06935 -3.18817 4.10796 
4.22 14.6886 -7.21246 7.47612 27.9394 0 0 10.5876 -3.13841 -3.20989 4.09101 
4.23 14.7171 -7.21246 7.50463 27.9394 0 0 10.8267 -3.20746 -3.23153 4.07394 
4.24 14.7455 -7.21246 7.53301 27.9394 0 0 11.0657 -3.27648 -3.25307 4.05676 
4.25 14.7737 -7.21246 7.56128 27.9394 0 0 11.3047 -3.3455 -3.27452 4.03946 
4.26 14.8019 -7.21245 7.58942 27.9394 0 0 11.5436 -3.4145 -3.29588 4.02206 
4.27 14.8299 -7.21245 7.61745 27.9394 0 0 11.7825 -3.48348 -3.31714 4.00454 
4.28 14.8578 -7.21245 7.64535 27.9394 0 0 12.0213 -3.55245 -3.33831 3.9869 
4.29 14.8856 -7.21245 7.67312 27.9394 0 0 12.2601 -3.62141 -3.35939 3.96916 
4.3 14.9132 -7.21245 7.70077 27.9394 0 0 12.4989 -3.69036 -3.38038 3.9513 
4.31 14.9408 -7.21245 7.7283 27.9394 0 0 12.7377 -3.75929 -3.40127 3.93333 
4.32 14.9682 -7.21245 7.7557 27.9394 0 0 12.9764 -3.82822 -3.42206 3.91526 
4.33 14.9954 -7.21245 7.78297 27.9394 0 0 13.2151 -3.89713 -3.44276 3.89707 
4.34 15.0226 -7.21245 7.81012 27.9394 0 0 13.4537 -3.96603 -3.46336 3.87877 
4.35 15.0496 -7.21245 7.83714 27.9394 0 0 13.6923 -4.03492 -3.48386 3.86037 
4.36 15.0765 -7.21245 7.86403 27.9394 0 0 13.9309 -4.1038 -3.50427 3.84185 
4.37 15.1032 -7.21245 7.89079 27.9394 0 0 14.1695 -4.17267 -3.52458 3.82323 
4.38 15.1299 -7.21245 7.91742 27.9394 0 0 14.4081 -4.24154 -3.54479 3.8045 
4.39 15.1564 -7.21245 7.94392 27.9394 0 0 14.6466 -4.31039 -3.5649 3.78566 
4.4 15.1827 -7.21245 7.97028 27.9394 0 0 14.8851 -4.37924 -3.58491 3.76672 
4.41 15.209 -7.21245 7.99652 27.9394 0 0 15.1235 -4.44807 -3.60482 3.74767 
4.42 15.2351 -7.21245 8.02262 27.9394 0 0 15.362 -4.5169 -3.62462 3.72852 
4.43 15.261 -7.21245 8.04859 27.9394 0 0 15.6004 -4.58572 -3.64433 3.70926 
4.44 15.2869 -7.21245 8.07442 27.9394 0 0 15.8388 -4.65454 -3.66393 3.6899 
4.45 15.3126 -7.21245 8.10011 27.9394 0 0 16.0772 -4.72334 -3.68343 3.67043 
4.46 15.3381 -7.21245 8.12567 27.9394 0 0 16.3155 -4.79214 -3.70283 3.65086 
4.47 15.3635 -7.21245 8.1511 27.9394 0 0 16.5539 -4.86093 -3.72212 3.63119 
4.48 15.3888 -7.21245 8.17638 27.9394 0 0 16.7922 -4.92972 -3.74131 3.61141 
4.49 15.414 -7.21245 8.20153 27.9394 0 0 17.0305 -4.9985 -3.7604 3.59154 
4.5 15.439 -7.21245 8.22654 27.9394 0 0 17.2688 -5.06727 -3.77937 3.57156 
4.51 15.4639 -7.21245 8.2514 27.9394 0 0 17.507 -5.13604 -3.79825 3.55149 
4.52 15.4886 -7.21245 8.27613 27.9394 0 0 17.7453 -5.2048 -3.81701 3.53131 
4.53 15.5132 -7.21245 8.30072 27.9394 0 0 17.9835 -5.27355 -3.83567 3.51104 
4.54 15.5376 -7.21245 8.32516 27.9394 0 0 18.2217 -5.3423 -3.85422 3.49066 
4.55 15.5619 -7.21245 8.34946 27.9394 0 0 18.4599 -5.41104 -3.87266 3.47019 
4.56 15.5861 -7.21245 8.37362 27.9394 0 0 18.6981 -5.47978 -3.891 3.44962 
4.57 15.6101 -7.21245 8.39764 27.9394 0 0 18.9362 -5.54851 -3.90922 3.42896 
4.58 15.634 -7.21245 8.4215 27.9394 0 0 19.1744 -5.61724 -3.92733 3.40819 
4.59 15.6577 -7.21245 8.44523 27.9394 0 0 19.4125 -5.68596 -3.94534 3.38733 
4.6 15.6813 -7.21245 8.46881 27.9394 0 0 19.6506 -5.75468 -3.96323 3.36638 
4.61 15.7047 -7.21245 8.49224 27.9394 0 0 19.8887 -5.82339 -3.98101 3.34533 
4.62 15.728 -7.21245 8.51552 27.9394 0 0 20.1268 -5.8921 -3.99868 3.32419 
4.63 15.7511 -7.21245 8.53866 27.9394 0 0 20.3649 -5.96081 -4.01624 3.30296 
4.64 15.7741 -7.21245 8.56165 27.9394 0 0 20.603 -6.0295 -4.03369 3.28163 
4.65 15.7969 -7.21245 8.58449 27.9394 0 0 20.841 -6.0982 -4.05102 3.26021 
4.66 15.8196 -7.21245 8.60718 27.9394 0 0 21.079 -6.16689 -4.06824 3.2387 
4.67 15.8422 -7.21245 8.62972 27.9394 0 0 21.3171 -6.23558 -4.08534 3.2171 
4.68 15.8646 -7.21245 8.6521 27.9394 0 0 21.5551 -6.30426 -4.10233 3.1954 
4.69 15.8868 -7.21245 8.67434 27.9394 0 0 21.7931 -6.37294 -4.11921 3.17362 
4.7 15.9089 -7.21245 8.69642 27.9394 0 0 22.031 -6.44161 -4.13596 3.15175 
4.71 15.9308 -7.21245 8.71835 27.9394 0 0 22.269 -6.51028 -4.15261 3.12979 
4.72 15.9526 -7.21245 8.74013 27.9394 0 0 22.507 -6.57895 -4.16913 3.10774 
4.73 15.9742 -7.21245 8.76175 27.9394 0 0 22.7449 -6.64761 -4.18554 3.08561 
4.74 15.9957 -7.21245 8.78322 27.9394 0 0 22.9829 -6.71627 -4.20183 3.06339 
4.75 16.017 -7.21245 8.80453 27.9394 0 0 23.2208 -6.78493 -4.21801 3.04108 
4.76 16.0381 -7.21245 8.82569 27.9394 0 0 23.4587 -6.85358 -4.23406 3.01869 
4.77 16.0591 -7.21245 8.84668 27.9394 0 0 23.6966 -6.92223 -4.25 2.99621 
4.78 16.08 -7.21245 8.86753 27.9394 0 0 23.9345 -6.99088 -4.26581 2.97365 
4.79 16.1007 -7.21245 8.88821 27.9394 0 0 24.1724 -7.05952 -4.28151 2.951 
4.8 16.1212 -7.21245 8.90874 27.9394 0 0 24.4103 -7.12816 -4.29709 2.92827 
4.81 16.1416 -7.21245 8.9291 27.9394 0 0 24.6481 -7.1968 -4.31254 2.90546 
4.82 16.1618 -7.21245 8.94931 27.9394 0 0 24.886 -7.26544 -4.32788 2.88257 
4.83 16.1818 -7.21245 8.96936 27.9394 0 0 25.1238 -7.33407 -4.34309 2.8596 
4.84 16.2017 -7.21245 8.98924 27.9394 0 0 25.3617 -7.4027 -4.35818 2.83654 
4.85 16.2214 -7.21245 9.00897 27.9394 0 0 25.5995 -7.47132 -4.37315 2.81341 
4.86 16.241 -7.21245 9.02853 27.9394 0 0 25.8373 -7.53994 -4.388 2.7902 
4.87 16.2604 -7.21245 9.04793 27.9394 0 0 26.0751 -7.60857 -4.40272 2.76691 
4.88 16.2796 -7.21245 9.06717 27.9394 0 0 26.3129 -7.67718 -4.41732 2.74354 
4.89 16.2987 -7.21245 9.08625 27.9394 0 0 26.5507 -7.7458 -4.4318 2.7201 
4.9 16.3176 -7.21245 9.10516 27.9394 0 0 26.7885 -7.81441 -4.44615 2.69657 
4.91 16.3363 -7.21245 9.1239 27.9394 0 0 27.0263 -7.88302 -4.46037 2.67298 
4.92 16.3549 -7.21245 9.14249 27.9394 0 0 27.264 -7.95163 -4.47447 2.6493 
4.93 16.3733 -7.21245 9.1609 27.9394 0 0 27.5018 -8.02023 -4.48845 2.62556 
4.94 16.3916 -7.21245 9.17915 27.9394 0 0 27.7396 -8.08883 -4.5023 2.60174 
4.95 16.4097 -7.21245 9.19723 27.9394 0 0 27.9773 -8.15744 -4.51602 2.57784 
4.96 16.4276 -7.21245 9.21515 27.9394 0 0 28.215 -8.22603 -4.52962 2.55388 
4.97 16.4453 -7.21245 9.2329 27.9394 0 0 28.4528 -8.29463 -4.54309 2.52984 
4.98 16.4629 -7.21245 9.25048 27.9394 0 0 28.6905 -8.36322 -4.55643 2.50573 
4.99 16.4803 -7.21245 9.26789 27.9394 0 0 28.9282 -8.43181 -4.56964 2.48155 
5 16.4976 -7.21245 9.28513 27.9394 0 0 29.1659 -8.5004 -4.58273 2.45731 
